36735304206845832311615253282301005145077882308686944577310026992745109949995,102000039915880109821404879301608240659816538795713309620451568393276820382503
21859968124449659204088603471966597337014885713145496146786926405883455857199,24311495962004462169888932057640104163114219491742472447990681213673183981277
32927836978721252132865218794113587379849253344156628868338825813096779101076,115478954577825330880025207444579193857580095942882648685993262680655649140536
153091905218888004448745654704254328014661095661118959779627039649682885443896,101985965420093386812714707675959099784481162888121341488672975605749692511141
139652319021475838543112256439104170629266367834779870592971768779069918709481,62421424510556321025187489622248253280156456041804157738694415415255348061518
175993754427619794171274214520285275986259095669380980307490551905698992778691,103045968874962863380708754943753412830648061406362640595809551816468862067705
181982656339661874988320749017880439084648321799832753693322995725468930668083,60400366084648642474206150591034112676657760989174396111667454228908846823140
157179200179741097589366004603764174654680202551807839029280499561924145987102,129848728929732968817139202707273079439217667781455204827555692509281138919093
157761943621421981251958582228797991854467844371499174680994559210922577635017,167256323882480521381823094577138137316123249716195336913271616241445570786091
208952956858624171513320265783125979544161477975719001878914040075483742313616,37053836952900011630625062299780631753852420630154626657537523201211401172105
155961433584538996282639537672156430561610767280168562254147969335349521848872,207238705036838224567964965194049836648192403986579514235046990689063951543756
170510641655193212419628065726138807096769749406012465538386066586948334094978,145246209758942003668291933864330610636805202944947428928514674751853071439362
202777103359445623524191355648653874457797621677700169794355348836291891619530,11362991464726348867101375819754813116540758362752452931112422720488329163141
26910389958960155928880872107479728727420151347066423122416589480088650641833,38935741581493178979042182796767222050969875984523564482600422598532190072445
187355383049932065025524239978501753321451573276505748893117627088758407701760,141578132856296720910823781746661479621662621371743268865093090661394309397277
25594311851997197931545444974571520244884571873638470246276336095059714797629,591001392019387286627556516046535383407180685288668385059497334075872167141
179048661828357319687050089972383370333754704529878401126605097586696910760686,119946463584637830557724186898557372930277163820920785594777713138379932202632
180497442620503289461648547477907442413779893726086611158951037324301683572742,210502834350591743590982835732570622966805490242672408833379550781957127383737
167620234944029268673326333317827064265099664581362363549361830472692671788272,148674361676662966110294378104842879784095571802768787678094668394068562617504
88983791240682299875513243081136795280297476123310700213893190312750446244331,88485975291268080602435269545285232404416646066382532220566649649758253747418
97167381860985389259634797213258977757798060540272691953359666072294324392724,89478898646240024516175741258717380162321463195837758718240311484825459739309
149427553744721135813429479824910755113800115859901780891811478911085601812956,173994512362627311148438701528041766050439469748144233772298363421452759430977
210197530889269792185177539829324469862004864491190504078135808133664456992378,162069981178789586144554298931958158207303771048563367818393554258436591885900
146518363530411163206923553937199366712265735371438813497410534795469190598347,119295368463085958978164297677455308334649441570210271636933775377065473182307
74886680620160467219120507997454243558018278925125111045730677730275445124530,122949473541247923416506074394466379885997208517722257133505621215339395712425
143432087517121911355077351287304599898470079344547814543657597986874771390967,40809974423795364080268103425045684270970671687804817642868931691551778564624
61315548503617800711826731747946034134303661345756999833735799933594750371989,112100193798862009087539353958056046920568844330966331078800507423578638002471
31559585886245464268184436649002270671421893818306992653271226524356878978026,40526237720400995266790975615640285828894851135565681438471460699306062528734
150648350162385034514490814109532181006473425248261104558616853477907216689650,136037969884358059756608311249131265773863539947554200153415080021408517826760
6260412813332340001901676923061874074468699306761606445324685677389469480196,186539954695654460195747454028441479909038958429519712717098425344488995704192
132557850835480639143956633540015950065742573044088213550623100653115242793554,198890966741991978319318805140426624754790752741726546620670912619973762245812
173931284003546022034454544963137360153177241219232219819975417387653717432003,158111690957722071949936327967298614704829137520315329413908730123832531470588
30986708929808055911801441917759597880715569912369617481135058122437176024606,34589974923027526645706202210659001615811153181826592372075104732573502508236
58465505535417024597537095770490904777008504642663579459792009870480292615533,56100678537099480538877849518040704861833482815753593990523365914798138468871
160524333556861521696302028429645364986632938164295404106695675896337556731957,153642954168920232895392337417291985291536052977929817588523378556160405354043
177591119387707283874491073753382702499612380910042421238815355765046725553211,208592904868158371259637561961007787558778530376734452060403638917628318323082
89790117823686784283096023654995751437360020801349563820684142664035643450089,170197644546303755673387893718343509404891365920831596616161457130154460309849
150518297438803229233644837370563308414235873926598085465850375712225849464950,168719758208417734557771215251119946846491814487374214403841555414860242398190
106653742849418724845280543589250260229702469506519455433897248508468286930984,159310137805660046006252455844754491456036907353435956308943390438147265169789
126049821049463966907229815715001565937411095500954247732719829944329737637508,52595221578125877542766245768999241757100202066775473358951829219282234884846
168502044732853462057849809768809116459647491752744451646559726127485182133672,197061129632633833658963470487327046141361823453496905305384821181088622252769
103515814084870176477990739904345406609897673376789011849937521661864179797507,58778434278873171797689742593903087511256016479191215512847419155709734697059
40442463130531567746945451049897996761260651262651040889697395692997517899860,106491807954949546259905144369109803492424359248262045477102696338362082185162
54075341258305298205922254940644597706667139448496082700639175898980179365764,70777050566845394151736008617182520682216669989427917838382700721447037984980
5034177725751350662572411565029616992463128870829803908178578241169978167586,129615517052349303399396575468366392942976623057830558963586468950732065959571
18314682842267135515472039327424986214920497203221614907165833432642622898505,37246946284578797110488197737883497196537480215267338509553260701922176240807
164238403467416174586272607650141422161083729131779149250058364804322935104561,76389485249000372835479492828316074691099672560095742278644553038794291377327
103181631977712782560470389126302188981168738670140251787595356212356343145810,18763660953869775956198633063753029019427182494077763357067953106208489406119
110919070089033216189345009781646731226200215095183968905315464159953000187234,180923607758609639009631307017283317952862139942689215103930863363491930424051
38998876754312039463704981753103130583564958886988059932200559391317936626776,85003995445776144033877631462419640269340002344414379965863725431083040354523
66263387229234413673116751143330276409217042052240515564525941821173221666829,81766557915983862347606483221413607624379798661025076551393848917960761584200
64137415828770527105687311893543264613457224292563886610479238757471297057550,69103327436441428703010624805832982062063971724686409187890869094360252279841
166172907157424574584249864764213040310114270191361859593785117065045465516753,89202755200343646870187629609698127754439635227107289547237220065566503725574
74318147541828770726509677274461618623266863992498514239415432287737534801392,53209239489445063584991441074014671345108105622517240007838299954288134662264
19779660932257465531159158137858663442834871717581772270951832581137873893003,21858830406046693791786154070848201936894175198801228916923262601670083630750
20563589514973397729658973207608227882068202333697648496351564605003477555790,60017548514110267239238273492525466843709516642460868100582045428246546646528
32703383626458646905145179509262443384926525097992957923060911089423590721565,181785132774235671583701034746623136405754758474002024224498812454403093994403
29117460233504676962717460962963554867993440559452927516619295407878617013040,40873277541266667843877809416529762087200767925780477418331779026407690677515
48278549559101308402635521244941570242441918054968759252319135331325487055666,93988529430812445497655407058059538445526353582941365433184186066663473162107
209482240372254322209848920662268109768633828859379203686405852016358627330051,184526186815619388472606073413780867187913642194998500695294086286708160091663
84050225147047553509325760274628094122534808057654855384101762221564658548494,171616111327565849177733161434348983135294105104945675695716959636223793520733
56024824557525345313491599978562198351068001279411610917604185678107765752584,99391536619562563130887341657109413954121593104764946183613161741841125808634
41975268645046085345690743075959627721031134046631605906725404213017395568074,70592495500652543372425060259511349144669701692593072894894842967657167399498
4149837386526413612958511540565992372903662566712653590220858420395463995146,83809916424491432403492515478276741646508090082730886797824770143120073708812
122927059573572582623861273887584588767919323170540600062037248490666661366111,172746074293087728875272095578960266897202329456924851503855949734233877611460
168169344905055720608681680479998153037343973946850364119501089066081375504582,164085164506026852364809299710748728434133650834541858785558701041844923841674
201292120758219396765930221749903858159478009331398190332512724830615002948350,92954392473879929918687263443630092457211177972758975878146981851889471679080
19143210291231240582806403959906336826283612393649059167947113790185802701680,27168239119585313045580095345214385406442563180206600274359923112919956814753
117414923142506071821089382129151236266124530767258764703658280300572185593044,27837510562325618300733193981249032507145659054351037719847839173322248682593
105404140219743617047532436462473390648619630019394218665130619009876925713261,37439794647514465086332953138799537746824915795875308937215448720197624429844
87768429395453835510950186578889315563288831841611551656669963525974748344794,169188637022552842823173422458871408309362417442762799466777468513449363450080
198923917371363637874509855255009009739703406170740423927541590641469404788204,20391669897901321301072178222055637842797983540345668872800206594165092148256
36761652278078573995165499871818326403741419785763838872820737550659826485260,124798724583261887873933816416101545697996294764650130436038036852016583936108
93654951859223576723387156840972213316430634836141222564692902939631765082109,72574271671249601820325991616387180977892948876899425319271744646435135593990
207089113286398097823774653915862388999750167015345565892901356545070282789772,184246597928805473540481348443588114240653382388450931307977056100474781461770
103287679399022354247817816469628461449265512623212873602041996622372088591750,96836956350286057905664786719732163920418406051377829423513607546613942933618
173431945344175547573884933100130070428515787881326183097243741202478219555621,14359148514527110037748100662944258363701641814585243253729662661111124847438
142891268513140695673824043548889523574015199224199021991100811466486375012374,47063505998561659746938363389798721317058054186567686744562002290391741622166
10073354730881885799379881570485274203633373527021843938504713881290630852143,203977498022578963707559365108406083779530318321492944592902934710446943776824
33803262474039580527872494919982198692221140562366738313405250562743484975116,210171076360306587294454044812779408539936570477265984657615865470441614842789
188213081241786417608363684025307383743243929689797200353715656063329047203183,158204629087558307743555851275762911892995430215851637723593985671633187563219
139244283212058173605920413415464062334106400063224823131555536679713533482957,142492992330007311338575952982230536173965661985774749038294399750338814138459
52019764264528155911472872435150209179141398485012131811598340295916111439106,158095078863122888504575944328925018474614598016933826787478667875800466281458
2577164012345531154226305558814645152391387823646712899991995144499972090694,93708861760326275984138274993378141496265940515027272719809879077869845254072
126792736332817292546247732672538270064177116855625762805216736133742259167538,3338991189581993608762239704317425867891045387720291809984793988518585913899
67476294964120386390951367353358545686732997787144029579060573438151215372399,203561917453334146386442615455815330597831304731342999010929059960814912386777
74585476521809825536909663224629946382252142030682316226661329836769040692170,170820972750016220871351570091145643354651231823252604968509806480002230246677
81994803283172077868365358103223457029702611379019862036776523551903373875728,107484573279433901715310144201171055667921384897414081251215530568242035107971
80602740624192652311217093334344936550664980032031846924485875335426979559215,206871843999364114739114398644298675836597225625034928570171682588777624945608
62779185774893181201625355846736309001467751009096419451312225577945287880160,90276388069490764708255710191384180147846173083290093382151160066453798529458
148758761220989347262335289517439481583089439395212645562329702171858615923532,124696149967416696299758287918383576090369954006833752708007490714138150924669
60914575777188151316379825029862311127677727727393715488606940925603207759847,32101439835416176912804014232041313959406019408266024234748644303633473521370
155659524091512911832531888133807528482076695658407471332958129938885886973511,209846444639769580307671838202057542918863600851343036487939477769001837735683
181633412566425755482240273288554061982638320044960686214426066370765046895704,32381380470034353569562254228750656282790093279313908519533885149397811243492
40557052658357863499296222320174037301692820368555783769097061420772784547454,24888766153319744178215602080908349824735423914927908711088972585850729813778
192251764173846631470260389162502868346838884637723740404027568308364702949262,9482715366233275687955031676473797851544970343237626549522033377512167569325
105271971191260390270413061995186673346349965072277555347937599056896183234919,192529214517916370060432654903796275681263071784419032321408313023114949478354
194443429076055060388951155286367846429013919595653112590534170695731543721598,55928523439947641749932705421541024192928995164368754635275336327207555493708
56814949751476505097008735921959914586760125024407826488084048358706372738299,149067318208315352395110318691362515877844736870781018481793899943131388294925
17515270107692655912260156231128061077924283235071706193290624989218866218809,16901292297727764285837480017435185412243182326811437259027272129335712340214
205823978600106841790355101959325011025408818161996253273498440758241804554473,159401197377625697335987015502756723572020140812495693383867283552246854738715
152684562645474925178893712225502430646957786865071659808767296675789079927820,153834017077151016336992231834844561327485874729103143012410935851168897386000
63373819595897497760871866529637005666804345341841573354551983330164535699777,45796722097065376955450675618346490161496531826482627187802200787621803332636
160172518544986301937612908580411345863705377061371150643923082238647697375139,4758223323491941486507464046323523726281144086607756774163556120694891506504
73328543033895742018909013560334084260977847058175026391952118260161724972032,189081218558066437856472001941945927291947873217576932059676243086116756308506
178111414683067451416221156018521210435079507842109427550631994781908695650797,205067222903878640909351910884320958059251329909249718905852214845747569133292
94112816013082524899872612960212549887828619324473712053574494867971377338727,98525777877642043729359035742279685887254721856325640977519327571646492658797
29401855762317181008883130324528210828955039466706451632751145941109590165713,81065303842123900687196777937435159927415843858360259685496229878081103707730
124905835635091027589036443625172225602318051011988178067176064919286044066961,109123728756835046158018724311145367987351391197373120917196712808350135795156
114436025610913161089106426175591242017562000650629256928013279829453144612203,113855319270146900531604868262291569650011985048973817395739507573175582092185
171458938626317206542676477064644326562707288804444761457852228341831642580719,167794415016155430879306629281221568914222829862033621943517828791646583559925
58473004161255567420019376766556745216602160499936236650219704519128461870124,18097645753136123667649547175046504299706379539964453879127751769223874996001
17100666393728150929880882870277973599200194610462929147863368140382884676286,35193710419682475299570794726038314112089287925295259421308791773225899194141
37971037363998531418672785081362218021578948071964683014823843341566670011034,82640225860271484259576267282438638794801855162655832778771214116723692450308
66884590557562360084889216996661351985849756282870675958117927462378619841427,178036057153230532534744915405547462691821016618236619419919520878204465401922
199792315886984541789479704794179924923705307158363613167071508635666162898664,196259526910917290754285064995341884097262589654993338864489235225430387453542
132629259999898195412149042626436301755951281537286194903722860970321570384510,161645979985463134893973196098939083990738244350935625748458226206639326936564
210414073917432484252552653128020045742083862016304145817598226808381157256997,74418344412136785250262223800049965900535568621101247366210170817674554582468
54780231707384921553231359598823804588389507060427792400803770277610164856859,144224191292029875829883608606494445565091952254255937200372757056977986313845
47557298342059243747865655207998313950217513517472029024550144518845018134004,55629224384772807141417551327709531516225075978810071146578621943178733209395
95222694529926518003599866598461546404500432497557140902298628119063875546092,190614071837463773493667385460173855414939385943368759418896911321894671661967
171391409689023636485951051126216906342202941286126964406936579993909066007687,39426328843707949252160304741486893268523162186413582702522364553828768767476
112100538505194944753841115060404497465044607658636051555180053044687920502610,201257946196910281225491718709278559312808813019259697960442738069326046300820
25434722609123164557884285402633463314276355667692079028594456402934502956857,117963164570896125540139179330858335130939465416878027331203460310145466170950
19268855145655641601447123326884586934961944018106390565300079887967477455957,64976069147303541429807640527580288475620975580094041321707103026162173893922
5852474492861046152074667609706680880280816410798626277914473570648302871174,13142540892002401612784784540311036256265643331281193337109714744911030094037
101019767531192017841506433256593437203683306228132936619251976121331590534505,63117529220914612870742330245395606376147118914795942124412233844955653223066
210216658965732579539824296742433004226185065689224548286539931956986744716539,133915137337768486766409102625209538999789197558200002714643704231876062077924
60990080323589685868422319067101013554026556369081819177521594272755650228367,100102685414849524940888719127711877388158822885525518324625722251325894008452
38799034234040359649525661525719951275097183656669760137472597947992220789848,103255999708746865344282103455507982144891062097500001543882362325295233426321
61313422067146207591560145837550739101158187634282319748021791991833509334033,26008152484937127370156737489534842410752571345724610560862385851132868284587
83766811066072524854432710922529790989933298356163559504052930024106626803661,11929222232962406586443308840265873085123672411084368405023760929299296406666
25023379120836900560933547019833002722856871299193371310695160417929517938898,29258165776120961575325404310515403143111492723192859095670896448277666151816
116862348476560276549752074120614665394320686900110602271525852384447541308537,190180193964738140544456301927239550215423240351804550602249336652797591517545
165106003710592878503661463991611610954628638186544883547726952488502915055974,25555755134402860353865347998379818121216383048558977029761526108224027368651
26365140085958022996262752630955720625166527610213719978164664620959835940293,76571626570116163165443193198473500973386520640838296174684548519338440045373
205068554564591052310534503501295955571069189649564197762133038979666538876612,199669967621950704265441444573058901635908279883270197464335509986995151490710
23619185928832585547535654290411056453428648209675374928565990013415198959623,1815892622913520874248318211115264551902532452027357171490501742008579339639
30224199454793378342309258223025270901838999247752179740115825042993562279877,152064292199524477154799740442894647225334890445489976699157048261323541988205
156578942327882548788286815479974090365954538042954392295328554180772012070065,39396937167155287243062647580996134695845130938699488762158841521567509397735
148612024975648875468588094550551945626264035799942652251423941095910748882460,31827809012240792551061244268651398236704165347916830967134188699563905887658
28102805912456597388931798490923414002665042189524182775370447882887354385601,48204388354078269368491966901444590391926389651790378462018008311429120013728
55314959528540829472741469570388060688286196112939160660674236452932528854151,95395340458775534414592724524587002367082838681541834101515549362608467713354
53371140588258154809738316207399928560091006014708931747157829555147989992876,88236533952008171514103095025317597730117956296571347469344446912136355650961
122327279544946071699898985539298814840021820978169875280779033769943822722934,46534347690203732639278852846211200494686043875378677478024560479958430347835
150242375704495409008616821623880774980745462818085706366617658993605658513553,93907911897958047069277395085759118069834207723132463501103256307240259668620
67903394917387725455913361192099487322630644622142904891324566321591570483494,101045486974635466126378454926286044477444971637720457433876441126261977564223
200975949157519326381268804716107916934133675966415090842552887561405408158128,21300795374864896687897845018620457940702986989961640087778709448260136574778
186517110019731462589864118752857666479477869193019535982408606834486406813616,170075945546159401839349395111818503088520629716149298478337512817276187050752
157192369541964007867720639618005218787601363204536360673029171650385798035616,143998955322175429547496221139601040221392948951334944623790463497986976291022
96936822580531526095624518267849297196161166782581835502972840495546951343987,112067490771555422232660890420386215933650963635484224121815516453938018662924
134126581132874966526492781528346203676534253835436418622665755622615508204155,130941879129984772582208918662049437079921455583472952102694194810032352775066
72665961754932197578727019185042218334320529967146571020505214175060840050122,125955731671092247053335157423241746340470835213612723438795658042660296971924
143867427516445759594785506669871097469178278375288478965729172265437334453949,203049768294076177008170301740110937096517227756156908731084953550680596024096
96298667796282601317196052978694407530713410670648405652014630778679935786974,162394574694469587058926339040039479764903555582446188621372999729249181794352
123578558406853026079518856242730674948742795949616786673109434882764815656632,74882132420695331932819373112776349017518864389483073902605205802548555670903
206610541565651810437063815335652036452628818274117784384718617849906826767537,52646687231571846716548246844788857113332896044357961680995654623904499411991
108850684931954072879512811933295429364554212340929653920880671106418671717858,59714535331248585112571218771649220329662864655449386909620453398559114031023
190967196864015698608462700891691600892848115178588035458702349756625573792966,63142744042199410913098572406269560525854339306804717290697894893697012950681
17587893592610473574820298740127323833739835562247208233486598461855810922812,53027940565383421045973208131491139641427555039025310283643818865964664855760
101015339621758807873738213013062225247762932010106982167626184334171430821461,41694162994478734528518671726971416323260248148560218468242465168734549085679
104707799608664791195885065331500297558869428567123758925796106664813441045362,172338448129880443003916708212319131318294324378617837098792578992373153133987
9256683758870993827457954624714242516205511940889931182949350515069784361387,110335240520517068769926194329059780547967497883553542994045905028204423437523
209410808380938207969238562292555841847827600500847600636352937202245240496579,184116714710091525732122730628200737731543934452080873025758664289217200979697
74974439935978833770281853875912277246486325629939342637210198174076098078490,11505907393044919736714082510877021997565287743818983452572923570707159162536
169217340457571610309159875878062484936159405173467166672880852058486274477990,18901072148663429971253656860505439783632270222063526672923229704876451162850
25628299497814384248139040604606007040414543746412088369928448188206207767278,188503429735764046455125272109087586987138075062796603717045296535987432348718
144608389274499209487858114410822473328207685662487325234729246894702420587906,193990558987828771128191926498952755920909119367348805590126646000446636711873
57684599936418324088811266362862917533024288400868909580454889586386055080456,137658201956982622923406437591961136252894673618151748704280206550346468620933
183635514924911640008206728357224765308578676645305955286328366807241790819751,97952964653433439546588688815555496239236058795752855127064545934490534690329
177639701720151261496344157122093787755365537248809153119332973097035062150797,70103961820860510018620885593766961854223531170627948790187000393521598266534
50802741481786602902772176528717853784427938042511632858420592867333640192130,4912080137579975326343253633966721174584905249494466853514125332865392551101
100688946836101037505867340753150504988959130043337919021440765839013962483369,118593089479147240568407005672465737583169971159820323884500807947419593559930
193675847780294813215046327795860995534240387986364781986285175796922858514022,100683826686009377311324142656271714058659819322276973409688417386824695367831
107344717325187668828137997734448923154530861974757832759168402849385906289263,44237857834069199247256200126180684206461908202010052267417007816482529803880
23388690374957567555656837621341035077094595385726873858798630138614487218985,49286471947725737169064689756814775081020388904125289185500454550917534693388
77817846614084723631388880079933261778401400396894355835086242348378275435208,173975286983432010289976236888561043982828960302510804885721337020296483790816
200763409462256403570630884099967869246914120019257175664904591483933887826840,104371377079605968226824028196011459927480889683366667291108236286681398605081
41192654486584989131197620614424952624369371241272983743329214773930016490388,85341817132099058210296369646751395132470824383091864116732138643663709706792
207828135919583503008546341310235004033031931209627320664645776932646232776234,205059075211798900764361374301494634068853810232497832884895907820324479054190
54274444188893799084510525285186668141781305459038607366317670075811588128235,78258453422708490360882320599940960896307129555249117306591243253981645579573
43126248627414574263296053739729014731926469846217522127350171398710812715756,139561087568956124063017939348256981488290577306933829813675073749438405112699
87652937380297281590846599447818685645977097814313787214463603872931161708445,89585701354370346438980220992714648313245789953389786029671666199682866612092
165740848112357772135660837456134492552261756752960472781344131826731359659047,83952221561236454238332124800090797925336844851477100933993849587159643315563
194921362529941145228848795221071521590013116897081821441644878095298057479517,139560884947450543552777309772327103869292176927237469535044662872837296922231
48835587066180119236055055338476062175240969833791375794575197493355136363153,172174749650022929881710365531963049386590245257500485788199570335013168626535
81089894767289858246408511474458200663648061462585332976220667576213881703598,21034709826052663546750730932771870899633895531179481418516618621049291853408
131340272646769566094881159967416318067612819619242223726432142239189504642049,81808568774384181357250734603800053954794188713209721965835468497679931038608
155752932963912819724107653060466418024662968428331048055299973888636536068330,129652186417014934846010700095857725380554868447976702597604185533273248838983
59281581374635252018783603394639105773257264817721599926244153280361767158771,108205506672882537671964175294832828447465786205767581966949382318682670065819
148193283611953139568572382321283475559751170242436760866835301494161682030247,174023153477069534698708285283479793235861529416731989853927957600525134453822
66552042794248965525688931279477824284770000707899856812702655270241727170984,204280639067107760321740601987668468735852643586191652114511475977343634670057
144860359820782601822508126256203640694535780480778454662073180345591358994456,62388751988961170031321268191699685316479315199932693408098663145477602930757
66290244255736903204002573799501477850644323424254277220759984339724152402577,202405108041559671534802703361598095258947363850814906209514715496361738432237
64919354806609399847441989153503421824363264823596781290847962007698378408842,198009117411656182548085530707726956687863872560043700122828203995676671238476
207711955573814072033536347784665479760066874078558510431166684074768316006437,15691458484964985059043639712245467856298129168426546990444605033064906998830
53750764608938283608395678941165217949290190900627820562599270693163479549846,114244330528328518425183090961555646785161878248989024375068018494934523406090
6994674304329126348097262278324305962838486189362662913266362206066356026603,9460193173367390028169339750565958376053004893465991572883015123446030167578
119052470410707115722231478828843159511885327151544390235831973798405033808419,124935303220438000439125594360448886914972049767376469476714574723687018570722
185599098037214811705820652272051447004741256047595578620790593124123441703396,96702509750571634687395355083226108746336927424185878220022683953602598100025
117762949184898848320842369415258975071283316102157471469690391949928641662138,3475371443879282303168341176743355996553091508033776233454980937437359915570
163070162751819949230882553184033738984891886362907293211455037861643344082316,195142596411450680929443149959690007894888243150708797305423270997673522564083
210430588306175545292192315008738514342310153768783565391120665507202739596357,78945895629462914827292264177631379221793709266307140362290848508950077341408
123051281292876991313867825144953333343580433240410983141816786178644092472212,208589066564420547813754223057150261168555785553288263614061827444495979909899
59294386047167860864253834285967149745734980220490612879780296698297675287007,162139480535980566879218882075213003758090565713141068641693901913511293001057
44400966262319517514386417905719466934064119830941351367163753372727245830442,16096443331497059979568228037892788925705399933090523369522413398917216027875
60267311949479664888888122204480008104673150667372808931239861165860131528352,12711902999415470170140359958491798170898081336574622986593706256184580059604
60058379262441901964093888136673185205488042837924355249670067578033735613747,11743631567540396794751865828474094702920835800358211678840730242691433911029
103733977294962954273127816361470553731394558570775856205711215388809478285315,154937570488053579931469325103883596456762107945145814595517811433325793320141
38518013550357986743559999403384762378993190439650012041813029911981922636887,21923127685590950327357940951659941363450155497799550651102882559637647811744
186808442395647437605270280394471679312030076284274539447734018620912154314549,77624725664219607954705352469401253698838467273843913813481292356180392356782
58253554529909963773251128671463556045012978706000448963887138379420044854608,131657000787319708889119974402348424749477369636850602450047043197753988539517
135296807551761541934452154096844708294541655150686167297857720318655287577733,63651666022825921458673145976290656098122989347805679845364544341213851302251
182096026348310081555804870462215628830605193761230134820866956899735157787202,188813513750445447710585360457340584224651717523780627485553141558905881156335
99862940086082078367982153326765321239684992391350507717961295569609594938904,181788390648095480920522815900859609519692278808550829238347276315930535258417
140603734106784787790799675285142284653371209908963400514358608864698730309507,30704284007480830749202166688107243759161169480833030749730366993724602722558
90323460143313810569203178253508340658750840824535299252187592079828597572608,36662089193690393134531085673983270760562957236324019751861649109016859816500
87125185743962337604534494572433428765303697256578432598838718600984470040538,122091884033367377308999238213175846831606642208689172561988196557991648443870
168600916660549591500307973576286219817219846102273028662394848117026322466924,113219526975754269004348648142488200680458597756012788591000764667793708154890
5299168287718973183896398800986354548150277667147335309946837499764016043376,196611193288719917110504746126244652794392263127122687310104664387223916982377
55965308277348297672683600252857084615830046033915791912819254497738589824046,184201799068412286600638940430973370746984403550617332629037051588436983853067
51460098329155312614891885475498617008714173544546701186463106333022578304982,26742053968449580670735913141299126690685518275425971748576316059735729772630
182657654997427448400432636770942710108225157693168712730959399647814008386218,38349779896758084149292047980031282945860492282223856655349383703482699115550
73952593216238638624365442684132276006716976966451986021027484309299805070490,158861725577065703936575601799764571195162677451672718581796201624222524104354
114114171970758377927629359571207343049802086113582529954646260332302141189045,80332954618440883692450878461377562585731828366779740062308638142579757490562
175430030618764355094492006841606583565744025518973410647484275271731231896451,146018161706605960912001745044982678574727474632380122589048500232266288073111
94910711078891012469575891200705698921733827003824816015170871358199460698896,204161232509158483326861739425222270884820168568197773922943826105169372299205
23356148256529635734931548724760856862463502180375194343112922452249852931566,30036884536426597901570732024785196860228387778988374566028963461991157024900
66826273078170293930969799854422253868600149816945799912211260424124145225174,127245918188558575185623131430672007921078537558342051534750978692420876909118
31878890433966207147051190723043870673529842379793260492873539380758876592230,56568309521508289746372692150726135430099260164542164355873602653266226384182
100998615148657092982870771819540262851343170403436630424969319009758253937435,195382950257936745057076738021966337050275510069249707350702180290613467486120
202790660779934232678645951934540924591486634575195067222825795551439989198370,199011075831773943193836864291190628790677043621556913506109757781052539232674
110193954146689786110755911547731671373857347306189291579942993380686748117884,190373541398074667714732227639424245952017916840979022292271856003751874733927
129353688280504567423766617536356777361167315646061803557512766815908653204921,65804472039277118394451570825834639552522306735679600826127006213014311028821
178465371724779515436942561030632389323475224689974814896655535796707599053495,60124806360806563579969345217125240521048606336567083072448588376696687497361
91298466570515354213183056469320812682302410665622774936946523664290151453337,38389879656319232395705508345910375001908722939587082945158862528170381963708
24675452916530331019163017518165968912634341929408334737520652614642878570938,37678527403957442708340120573436399153581765231884139041237394789283891484231
102393990262128457904208456386891262305397777991130683763406651386189266579234,148687981939174653708649128059611232313204047152895268253926942169453038055924
41643120058552192327376500796726605224603210500501818305195205100614065988701,135338510776237051652029982523490339958043659767497453898175811370947009128563
114630131410153382100272492571135927250414436111084812825589727272585129085104,35297542273581465299353706041031738392421091892271615282771629232991411391042
134355749116461200981881901351307483586787428158949974184744047880570410684458,204785806884125258117138453349207818805537574002052123082294040540089453306185
38550866881282541919564165103684641752033656422202766040751953047988003599248,6934771001463526868392809775061881928024013660329387198455516453649417576299
125459016731170343562188055142566264713875362671405098108703251873304812154557,113651631482236497349629820903401722051796525122557452981955212804026374435116
164755583887057974301579411480194269019320753868446924106080462795834461016094,178252638073476316022362106966619768839266106516725433991019862151313582833965
33824312082160764683143050303322054808542331352432665257286584300924967081971,31145825257285354135882534364923891514434384313838069644329054217911301285789
98818449097863381512700765627929519549440918467827272436081241441051746067394,118767167136817561759755517465477819957879048607843944016470787233771690627267
109003678687284106374812130029381189697734335753751965732964319302546079753400,180355234358430185203413700613017588861714167991109273731013419596104176245817
52794891580648948257314790100473352470084493181924069093635442030723655997741,51520136082839057419575227794708539435725056716868445437962613512667757022725
173334174581735266016161555155785797919443438021094509279737796620276905168309,7708175032480781163696693704663827452582444593543188885743537523227943101139
50443566752011962882407762702150422156059863830998061100976124493557881950310,4775187644171120851257737828625971297243908339660025187253985632868468480844
186195135022153526925888797954011235278917844578622081866562554029794043202345,4440532306238036623412386820334300655600787890021344376783817794150457751698
112812716195740196366742118303581393057224488551214001623194993279762927016754,89610784656029755274274094400246612042884594193065697058732378512924016231554
150944220436157734660910756888603994484944913502268136693107743414936377274454,75954867905895044820422292343776594974567408465310994547582144779167408141002
69242621723751249800790758760854718663693293094391906425465636817036308060950,194497957514827629084032955314432828746839802055548346824810897595465835986060
138826743693158506961929651958420363717548875764101980923146128015838897760964,195099905345320999561264148191078333217265891855855834002080953695750617728626
43498848724314189312989702171802941516371703596706788113374792483801957474032,200461872849934971791678064754025144935619694934060308278116782368013856972366
210447542838980459438274963241213871239197723290460364235959655704274132925741,127081421250311705869870020532649338014352001487978330749053665108802843656722
88539330417028430342366985318545807699063006248550920930221152491306423047113,193542781809278034903656386522930048114914102632090661848634787301509643833132
124010052577091735783965004640535980264135450347989984823857497218198338656794,191957269268559752075233086292464243616028341364530596694516023688094054889820
1074679757258183594678977885524048156928522820719093108842405987034349004094,14123799064881399892303295507010720881798412490695457684184542640567327550767
125762069446358711746056710180888536814521671836660343078105448449794356856859,198655041320293735607618535063517493644584229060997740326917326272262916028429
45473618231595371328883324292280767937782190321196462579700119408709509223617,13382700203058626982552097145299444652347486833577749880091608140582925911605
74693056379814264980327979947619990202424743303498804783544582215724072252799,1793081124078331001525501982583758547245360740154166289860456696806675957992
46198839607928666568547705900004686533195653331238199662008440971380048162125,23962336783025556071794752891031624912491943414632219558177859210641728375476
191468356039619788074723858743397352517762099552937364500554964586732392980781,194349178845831433847364693694874092296054697931574205036980821923028566750553
50865224870620208915704586478694849870086197589136103765795538986245074353865,151042061200916369540885487732024163349807428157634960413373343628247238395363
41677738918160586817036364820990126675620151550724201616846302606046617864247,187980718022232596565980871526063677644414880562293163160281677729947214493910
150175113083146116242975719494937058299530229775167352626799306411653672269299,124396605545692616375052769941362650821829583588939278812050196860543839815920
19784366031215731117392293659635084436282282039475530025669461830702503277074,31562891754855961793458299561881126606830215154166288380248908564940350713220
113365346266482506599810116587061748202314513339288179782882608238206534733581,143152446927005619811254282132165631040346984371688020504233010108844853292205
11022355663899019430534466306199170952939426784010475712973305750962350349805,171314303378067069143594308487054802888706770087160997189305167172406467077846
202263601178075873956879933822875822577862421167947804510198886130747702364277,132334374306392876232832062014173688974758357546158758108255308289509343546881
127833749425208218523996799123919427587894725627351659423593968278927835480012,121165551072893838537717098026875019890189494329695580707467357324649699884707
184924245546210250372142299769912471264245522537617659993175948134916911860271,56757433536331148609731145859062646877032552472827699134662752759770541651210
54376654726445458090255808678155244757964456092115155363347468657161332563026,209000790663318166733912658892948728713410839042775802022005296110243267567054
77289054631744984843326020768947794569415606544988008449545004222174597420829,78151477586578359706443190046012920045289280974957110218384932677997106388237
202601902826884140441345146546471634817213410723052876165479921527918904693448,200275076109912817191338127642597670977743249856254943119952825258892819131877
68553569278272166482319587919794576806667123918206572522532984811163654373630,136330038205530930201946429549914631560041355430174784696521768567174624350525
134573680158185592750405177453417438631604323666280964274009887862476243102524,72443203253147354168689215100779311546586135413152176540311680817009607809036
78933936052332677634086177919881548425801609472008034491440249435550180477935,52583624643423137129498787089194006211410481512617273311148954727321784817273
55744635888908203484642428172109186003771227200525704929442491017438659679187,183014035030313370885763180956994786920512390523992443206956086623504485973745
47961237846227591435187112432600846786323870442513151305808341146680585896649,166497742248284178646477252657397282075583233741405391043993860945344228464183
14056605343490277598436280650508846682797457753125230786434452194589428588980,117404178597272825647739887251423387416484005268175653498985539257676643875962
153852036310924730742864171145438179435404566563596614771504131188236462126195,126884518013326177777388675190980990169652934193547037639360307103175020388625
202108093561480170601869562174212262388678912828394898927395019891856337759823,90767607071850894305340801136683154708155893775990134893119668526248049320759
174319392692475559146184773882247060359820275916391221056661552087300172937601,103902323057206298291404878352478746548533285908495678226100588628776878504806
144755781290779078542298355169779067551592451073518376021343303978891661506047,53792427291011153303250677938693429911866604040302674805056245796025421213415
113623612840981978616209810997213330852778192946054954779463966376280346029971,33663289266772229993461925483811001555424060086968507281913875953282474892801
192316288754588488971224590239566987862194394832485974295962519654168673201253,167918707443229501852921221262906580685360002589620003318471775155106560768961
163879030843222676781671617647208000802081294676642295711382622339230964375517,33156874315345228777481611485805914712048764195079179576086867385555227154490
101848961325882481029839372350764867156909828419795748467928559076123796519277,5059966126107610644300884326929754396203967087733740290674456955080662960590
143433561317556437126596039039317297915473705761136384007676222936078783866730,135700080468459395519320546199493008751887001293507809797880990283098973189805
18696888505169965612234588840195416895692317303526630848739857534141381867800,113621266378296764900726915022646142639433006469370544944918414391035896438905
60667596249117119046743434625493129623429753005861841657087779939279134953526,50229793678299592799063780261104790471715696629562042028004242598801148356722
99879804185559470338920754486048784551974512920171831269311273124820245572135,82567072813795419428176516006065577396448583943630127029895435205746607010127
207964115767830410417078880651904228359237524548723059116979448139243107824473,15683236405748924354052462205194185019326774755412389849566094905680584906814
58406890573284752467026045325757756641549840195951510189075986461695858394770,181639461096094958164915873967705380513700242423037104271190843781159553100892
22606804096188438117409984490202890980819487780259282501470941672854037145605,67671040337877893571588837011139934274665017927564038503732619294672808880784
158809845180760941037520824882375797224401685783666982759027087439104036192146,199493608397420335329066134738011131183651460928046572891947159561782003909094
162935149287358058059877028266947918059083572554145114303764828727337264094661,85035911916207283279958656689225880112617245783290282667306009627895940617267
49240667374817063025012208563182831643631822390523451856332574208410510330939,167165343483600250483796704110690971098266031455101321443708717082257908230425
196505391989602132363338009063115996516275944555568973188961558848320976328213,36086738225068217737263649589956567364871368904879086968265707223961019638362
51420180737412122249016622245653795343463055941141040363705207605829544528781,147370512471366468167740329349629630295003132070137773742309570969210302068006
106227478286079311421077191402277904342047464443159981358840361876512661161950,134491367930549890987351989046889894528181734978356819959619203383150682229471
24692457364811436057498798977618015202412485879076223175816203576718664471413,41869787855390047987953142729994691184791795104893300787282132359554585397479
77702063597929711194635832087558908234424947715800354551852522332895071798674,8448419059926144839284605487947793522264603299256621125831099972576046860285
108126886558908777000002462827344788134173459653894381846738993745640989985005,88666879940423042247773585812915481636243811086081331196453989569091821270498
102754032031613009123314798515857682522817180527587785802742833420705016707320,160060225056248200854931586115482771239936131560638011276048776911418298605267
146944522732189982423227494452370116191614315362930552140819646506999701105900,208060375320485638220172428550508436986681241714888260027079909911081689347369
71846496808819933743758279938983837470883898509776390497144125392087117447214,38317049223562974565447356992290595167821604008417707832862562579523109213910
17380377842475498443142715863514404962295284501307730195774024148738251272278,31349011219809717029877006635000464962252776625914873212965805676347384189956
115647974188793665727056337837348887598535388704683201660772431610228147211470,140286471112778033402337867486770130920463229640869959479799723919364537875699
197435108618953239379832469848869353690190232224263795882471192764257416109801,52362482840210201758402145929682229594801330594817445720002405343438824712600
44185025029731446142813161077007150978509462382405893462360830159980951738060,165625148438714621398166996857458371827850432066527899201894517037500660740988
54902970045367267002955491847625751528815655467336641791600655577588405216331,84918375134138465732543880155341520736216037172850794721363003224061442200881
3338972255790891600138773362356872591511211671271979271354761142444769989894,50552534696533792550029340395861468687985483430725205753246715843265657334776
170722271013008904225184855067412795582595260934309545788451796056075524975965,156217566838258446365631262403426076415944111727490691424933915364099295643142
181277932436056213533031511019472356060171883185016987535708931999706808751957,100532640955924765011468429573913167404771004993172165489417926174737149073518
176964843295479993323004028663359958660643815227835577879838940775708586933542,92202527958735799424451276115111363888400397075977017941483367664645894311772
12478388301064288858864918237676499413236816488606619058574365118744184662048,31091669472127263719956708721770139103906455066647081210267950659723611733541
111069880224000477364631211541237469060265540276493660071449251857005902094867,119811450402731204060070042693427351388031203157811390330104962807887877015961
107592427954425515980453079120083245806201359834327762386666607934270374602098,148267214767508034022365813812543123484822744615236541911341060011371312126599
9981328793829819894694256818907093163189159715747385364648371166560905661725,18775178439877944898646551075068041983665429968197550699505802358691124473501
110499164967910210999217850083168415436751364875767430988850929466104757718632,40275880970525462597966816846680319072513968271538626389287688562054895038349
102016544931093705221855420525898560352705628278590449223041236953219212046905,93413264085231488075646380628294313910918721631945300459046931449316555478572
149031881107570519963725079337273194709744975131636348197641690391791657955842,150003698813063632144392786509916184007815804886703602258379041740793813092972
41650676935165844640489770596574249760521388075206773267709118246927086122497,123852197014025555110031946256505148121938025882197475247248159015715352134476
173403734624843539433656608844661274620069129999128131455528191579390462617675,98213351585396349110784694724142139286555635976723888090880380301948155243778
3326140492551647808268719013807860434992825207584502891430190046072128620470,157542631787727758857502640750414509242774938492637424978540710537037544600181
127326823365431691279750363609984430297299216802396626132922395760427580146682,149377594504442871134900192506386822572964343576239736593220814938349929446295
168837480230801823201756355252972339320541197583715655277933622629346188930740,49207140910775423709796957091175302799158351201698519197545592942183172584448
36635815181338985016575960030680415789644050220335949731788845642847934344832,12215430013111115239164486322383540017312700843916067158498715212356941206244
118229262943504948858324663445923900487924479964026915456777067534763153462211,198568899570059379681833235506949574102422591937734030404164127446875897661225
210749211962232219563663999165474074264590671828713960666459242427510225002197,68133779035303555529044768708736102923673972087994945982760265255698143161620
40770060840759098758539699027555938709674896336841809386727309759175091573921,21240998530740464026156206621536734696884709317090331923895473745468984807714
159428352323161321129156061897697295158296536939798960874679297625777328304463,29555350835323568022979888987363372723190843025625128464385725033637702154914
140951043768088412737608150934586421729101265960232293969493078673618557672860,166827487489806379357920513210864236328049856989426531267094158309182345487960
39935356222452864591426771171419660747826344521148692699408629928071650385785,122235535213668409576462971569296854233812285555020756409598840351820372481028
170182320776195890329913524359114923562843879466816665344865159046681083633105,120300038101419291509094583272509026720834486336426491778501873627038960970113
64739496219656035582452390887883743518688931805805021904954181668826623123357,94975253952395191739798688063893708453597449224494901702411866615884157087269
136245580918323564968938643203508754860713496585536356548384180322568310468587,197649804489363027248275948273715808027105726131782671873949171634386924182739
149008097220840656295988730969028644089226487350880441215903153027698401563219,207728879127718757379258683167470458253916520483736649252119373160649645315951
18585169612114212500714880585888559132601066311035775668788508950032344348484,189192096900780786118184353734433005183150799210703161348919679717378011402579
144476468443551198759208766245819974737128692459672521934631699705585022277630,145559142263954015570683531632088087434978632889974808942516056686721921833561
69050409236339475042632275928831789142949155777032047207850063016288315108108,62602944804847366817718659722024395479894397507000009647622415520796373658350
25384624325015595297628675546463714215662478152298727869543404388144449702946,188692474052404519472895337165148201623588481490601234008910218042739941874637
91588638224406370245397746013065014201886573734765308991295276737895695721986,172524918249310570624180500998275994711007033363381709301005308787643796333770
150516968737709062922801312884275486449329412586782048629395863683580245588310,12420174141896727664824375708964944377186696903247574951008998286789052860624
200183093621030278799040063016426250205047307712533189736768413395949051681424,208160431403792268914473630025079185683012707224929522283782010765881270061572
205293583323938675171141359769019607447915816031789192757141548536037719536575,147810216978081946396237394272763459577778477625082721217742671098567557182085
58469059677986110022635667409477171316779093116424206874897079708954612571023,155394289424269195353143217592311386230668838026744374506021096919698436485917
152157502156828331803143182881837483715337314462800038074444022915674207631470,116721600100640337243298911180312049304006378042746267969918733347925321149414
95845599154673028448895061839868404750322261869366128351765600721203230788867,156416134189084211124993189101146079564864677343676306084888736608195480449760
69041961024669641727049381094936055089947531609911255618407798726741584124707,88001403160725593813339675778029643178484514543417866920443323660826867297866
198891288298982893545678360396165774450963085026942190756634043214864015721900,174177568550046923259646471343544048839791493445803840439594269742457726576520
136056994076631002120977844780741161317051816938162393583901739662381669151103,132986342434675693838952952818660885012327501886961028881583758899427176590614
105638226692244209421602087372080151488439913618255040794682091299817197984731,136783802644776573148331055880563238101363866995787095759020116905243029665492
67682090629320855155292494125238902513707188609704114387174180376191125243140,164863776403324494509272055552772211422518950099414994434089056552221285396062
130322685697281187167704856742067831980023751742945018882748031239845647038583,110790656820191054070167728055927876762791911747036533472667741657424054402397
56276314755428398691586445167266021833548225669894423378302707736202387318889,43689330458216987025227836735942103253885269208742764919327540536765561957966
177670683025362690071124313238034344663492585778323208123943210326544407038818,170612385618140141659820126114244298074339540673773086667728751946233922909306
27945659410255124001372922565059415523254640348531371298693813805515099125306,19463639735786207590978243848172024970035851346103099516062950178621617641318
204953449808628940780925804890948290453682113461260718649316453046332408788186,111445732602478151928185383812201786157972026195960024469723414303679585718359
35640330340694292357824072100871109657269438917663244916023489854020504423212,41817340467124934348714483812411315242900310983219582430283357524646520093626
173716831848093913351897804784736181197131417466701471851720515329922638746724,11711584909405583120253702695596688054722408450054012743459426617287417815024
40824595095443346802547435708540479572998708347620480084282273702110252252765,61510618196617270101152921704757369869405294150443259481659244285873659698076
42211577871686308857619964847468431234388217702788977144079427194985725989922,204719712667527910502930465652132637078913437170476680439094919473013799802253
79719930288163390733940274332299341922049348158415829138869897398388161178217,57552435212570431036985571769239348184452507546576946060039345776836443295632
92640346029374854088648137634720542703789940435764245448374094169260952481647,111555056233581104506933265428621977014241120426873908196086758452144312642704
164276962231036146130696454238880757976199189167075227606156758939733322127167,7797546717537698849216490513633068132245024108899542834516345816132626314488
128265321977878604231583692228923620783313183930233764734495639641172671475844,46287812423095816359354765417858201915305153327939346552993066585533237076071
74206642750847152501692119769066126424749736200221633771753794239012064814909,84070928166625329467173419858615767123190791238864609126372562217373665381334
50289255623018704117939471142686841328957817628779478738703909788708822650450,89596262369476979784059102992723059052455270548045286028824621824108588151992
173069061701406005657854264860334448756795599990648501890384067164844944037468,165469170856609085907161713590135544002284253419187301341430806332335250968227
150617279116701995824616135027024549501285597270918455057037549680293591710126,161998313611843804231175302897869483498350390649340326955323885995754312991919
69704021979852985732031453828818992494694795684577960317348124709281277666063,55407369785665555733908808001050431278001248757117687288206795542523922641789
178654495139086055779466020105450214348035472004239457903792358871447316768832,111711521023760591412339372543715847648572863626932975211179488234112123130217
25612244160334914514328837415453024247237443897759192530387178254917472418879,97777430479105866508156580669379038969104155747439269962152224193118143164874
185724579926056774902927719746916615504612178835485169722438650373757280042136,106175865814747335029142368009395229055797228092654449280352621570443474845161
116568240785270735769770482635178097398719517926495066003766478917917103178990,35082898090500808050121754772874612810764310539729299820166829001874129805925
186865336566707755728201871311936407881719031511141045122438115267881899542095,201685515995471500046333757880688024847650943126227044278556656800274271968358
84895998692865528491560508026175775325874753765417210755374710821721319705783,93384480897338354396254245658280470208945810630452346080523850995365207899130
13369389512760253940475009810181703419941557486605580036892045421129529126766,39949043326127524368416476212513910500947152733222953780693554547490334776623
12031912041555541829380093895390244473334138699832455436941609374257902105334,542766305376797554197109921270669756429069399724246584154632975153100410099
113747728444114670961672060951921260555781850574997106290854218897812284455383,57371524229576904062808025747319642226757784340108443254814624794843381796355
30978021167250355825983652395693439751528226630115612263445608782140192119698,39038513155334322001490496609747018374928420523738034248530182489406576295923
143956645692533223864841004953286484747801349431066818265123320322557898266531,69243454909857875213531005494917175334523310867603724724442862280649752366181
50507434550349462160266307337582228326251358566892416791145417019987291159898,144912585604599783574435536268761462213165191542787016924432802883307415095136
146051116842948399496498562160782068484534108377476707671978291481667833554885,178813122133454626207025671245777208569828404613062928077659374334153805967955
95738293534838072846409363646629213842699929832260675373430874640965840929369,26810670434864081368377726048981131138731049207208560390200842436393919532622
141974455966534329194011002884574124220448051819691946962539793764768035384355,32124012314725325243894576068887574702636813006677480599229196879348479755714
200972552369616649526517230151715760862216729581919893715646490915414898392742,9294376174869332696422400287862166950465667870449160310179610059317620029391
196345925371540763295752580400490315783692428646517545948030281468208620770983,136158015705246198904078006241728575655402938179590065040397117121734544909667
151772036510986353784690105449207644050472189065313400415110324055649895774578,98959268924729501564056058537083339260109065000211686068449538292223641430911
117540591792268402767425572298631800933986992993414715812972108093736846051285,96751421652674955854056583304333667515039232391181024576901952387689422720523
23190647698970560799320509844150513670586623031955508767557566112396888079291,34137035373612921820527751223257078805426845069029718739666200309062821450964
49974360390431293647163140142902930491114614520914850392379960076251146797274,97002484800118862749401655766375618729441427821576379711163087406098149626815
175739710683520566939091614737553518942909160395716395200878270984919464827758,197370051802551307510520419889909063590134850199907362143243488758294316311979
49560679739917969515947885030590826728097055038350946070310740188733222106450,25790642983806699471742578878705060727989828347618577570378060039192772651525
10760473822449461891397795605743030702621043675559387689016499362586660191677,169022177411815589236172147477247125416171612733101784410951491890695546139261
183751517071514783784821930245679445664357437242811449127413460831373288269883,19379694179277765916899916161429793648402888854809167933474207371551893316115
186828480070557254173173429067718782246217501893187892154212273242553909225472,8019803863554309245099132478657821544758988882319598129652735496546379614522
167339654890258202605846665616021407889389115818851772171681090825972048900748,130555461417633197680743554063195279580190323552498862606916949663066028472366
157815663572750012204139192648004125447350395255233089446291678300601635988253,17211812311133435805482790206455786512496288308530162395162562917561919465322
92106639654954107199259315699345278287966784640142725082094637506893374707765,80031407110576895134863920255547209046709878303804260323459710994969588406704
191666901893442081752829443100445089599349044516180422584604702732881875789969,88596561608923755374033686856408301371100116210115954029835943174791891070668
153122272196260252756468165886198090728527851388225239801855932731192296079404,133799987087540138532664692650699605137752002281866793080996535733406022160592
124469639764977337029858317282650317808237400352395726498461351601883644215161,190534315772472626215114722850770294007208451882545275194701925102720761226875
131757406878494742118582388107084853813614913287273256106048336115633251167757,170467884558516103765472631239268638492666578187523453982028580531324552505805
35783797294698494421288956501561579393790287484509713891951143979690464441202,4626949191371367123322678405425955924061137600535145914764317675005820391282
26841031671397820566199504458997969323716778373885068557694181810550672124482,73517641161972137114282301864940636603895374669529766550918827915746893124484
99953002011298623633062041763738013308462707019687541975278363202977479054254,63372970906870669842172191534542422503041856160480608105578671516767396146740
5925300198241965707409268278629665538400726430846536592937992757896208295679,684196375357615600046843125158126389098923513752552101428779185661274719656
16645991001198097014320347798989507574764289782334216669563801526019782826342,207909769852226464048143934721343382019303748982874337773047165267850297719911
33289113955535870709898546233298576592459986338583168766371220055482492857066,10482119270930705974514197552619832264184626752415145388137036042706771933699
189338423563528722415734691822153680001095294227080477264912365120963093331802,24381921632452873762920100491019754611063980612644375039934160162518209512308
135856546989453462661047312419406613928130273123772098203376035724821638421439,28579993395634281860253239131888794359673976157841435952551651604551285338222
150656959902535987438562403790901114141537969103556141486896391414551183715059,122684080425494705041928849365150161849917532039078375985573015666184628375770
208492883933944971717638060355290301446029889434772232809854871130345142375309,86217167284164232983701573109932403491779265968883125587310329684603494032756
203417271684802234141165499762738790255721346099458047098346864604643297326003,209502730582094091717139840751956356881453742576814577948569031975971040258056
116701353468668145244789364640211727473397136137312093585867038411191282295484,129536369610023148196354589236217025753377354302640229848666612890186615125231
71013932556298538467768835794224194522020618096042780890310605180973643130164,59725812311123442274831124097631471661557194307736343504615359369052495930492
198468053797194978451212098698059449455890047703204968037147489713336906965379,155527873542701602083043010886129836305467570810304647523529050444748706611646
192626165355636339011019075941034087643742688662381724364439295843406600483434,19646430518963883512905106515538342453233589336087418613128907805910793825744
33020429480178872813030764391564738979348350027071111464130041915159859066556,76756073301903857939174525140353862494571297377604232199125805325093260413778
79461709479827972703602017604914067252988999368576330694830679688812767502900,35857185258476448510065322716402431682693125506951823891169144672272050878700
89556222924940852445134901053329862387663618105204024519032108792681644698337,160728398054755662004678006527407647640176419583836588009694559352490980384623
144975874690737309259437445517296821299689587589058306908598786440115470010005,68396946382093737973311626012375468563481890628118482459232330881212596686302
60117110779417663604339455652139262791689122143428206140710398952045880711184,31465488020936495280202507907245918630706558219619650349009741044555469271000
147890924333338485058141904224856985654150050677782549572627313815952714712789,200923248718543347049630101291293061147705291447199372622391713098814417169064
182878522189002641468121632557350794819051328144285633137632806113816333348697,16123311331902665765391201405045744091438259810060861596636282495426423070615
102423214644042900529063922041425796543036031621660501011171202764190283425782,169764079415249530625133396388547138397170406377974451472987693416049800366324
7757546011915090070167254207644370217779995642034271025530785243711558272291,122809981237122221505409216137554946500697820139901205534908659574637348549607
123002947855222991178765181079298486957090800139519004494275922782617162520224,210422166012698498249280094304319679048839234209346438175179270056513793092038
120812257749094432228957929391980119500633469029452103829782095195904706184412,44504597209637338451479578237620349461273044200626671865677615260161461984672
145151851144883003325990274372474235929335208054728326044100616203065753636352,84407481818833670053249823376960541083264204388410528806839431524982666414299
91702485072929364477539944694815708018419954891435915449943910574149962665564,127540134616076127070947613806971061867124817242524615232467560313415719468801
2321053788849050374865714843327057399014696276296445234210960602231259515267,112858632954713142708987110997453259437249619688655254857619989061976681813902
175840174372871938503404747512797618359089109806650246753192730659810678929060,50846636188937598351081488146584619775922706626375638181376574346459230154347
9382328022881041647178829988361173434760127424278010901788708880138768396231,88959564830407937946317342425068916585301607737395732900597956272145296776539
82892441687141790037387661286680803804809913830376019237874019002881942539547,129092473584644157308913361468929510986589397681729183305949024864706093829260
41648982773106676467080502013618686593616636024922681833399677418188627065348,199209952644609351912083873745553889092376590528965971115459651272906885430003
79318889363579635762485971309138948833595873560931664866548818313587819875914,22759584344299842356754954930365075615591656337096101816479591076062351919770
180490126768886255789953050700255868648229636961127735496124164434388291277433,65167612745013225830053307172794875145097785766966445119107980150555955440104
161534056203377645621446379555727233617372329628185249239577238160571837071423,116369182458719276500489762329929430108025233083957410174921331252379497491997
168840915282081076843005456349064425569872964968841050789995948613939164238114,160784480516761504758200628415200129093491975531195772044468835225142428725169
2113028864533497617151711525519739905666889783999520814961063234871327214652,107928060757852213128669436683877678595132411938177644664267469836714779926205
184797486613597701808993440518813600856437690497915260292266997441243876390242,16538435072730027934423754264460441535155949598654649872482727608431304725891
122083326917058831138565606748285901154149717545259369975470657014508069215155,122518714522925283416011797259804958145983761194359796239355900294240486030619
66173127690896412750540344812668862308273949953681074701215798260427993743400,40075006098542901669267581004709327282956633277452513327103638026408970286970
100676654142289547760460789250249132943530425927830055086654698452841517475147,43032573260801652398498544216570496320258526341185972024635604574594498716520
121052460523235274172296737555766317943573890399337619428401498301236414299008,131565990183843827597851500762508560551371316465957778280019112285366528389448
120199140387444028594809264754604323604209435041650825512220458021101832899608,100704557342251439185649788738292590277344850508899221335983680290347064519530
112742785314800976494618132508572654562329395863745613247751785880788558386930,61617946562397452915231081819745217712323187738836588217236195074930593361576
199697185799958357322199067703730215994010238679638948992026536177127393811069,136334406765865832713066363821838911619225567598009142735979677234041992938286
174747763406507897084157092440444338936760738169395768808456777307377853511040,90987173976226885469713536945538863732468702124616068875182053068551271182297
184102493635830295804579628494509140898895925548911166631821470525661717570952,107298541472003102056560194250722212744665860789562579449517866429447432938963
51024133986408186788380659569460487500926359798000774939358675486959487251904,134897826647642127724057651279455270482376785211092226161368231684853230161545
114421531110161833531153261656276512502318089495533026116778668431232600706640,184594080441359021489638144091829152614226819950004258952796879547434068604532
69038533647856808243935569829432135998614325865409160021498021844332957744442,161671543411733983989703599454067826013646939691201478358475945774766018793946
35492371612283793989533483786411139852957792544862191198964328370104065500646,172702449393637124421207001827479378252696328422254655211984182853541529632692
51428249571143896157894880644800582927905060751844719304344979481590997732815,103620894238318730234630815122755983087088957210926199263837713591152550158625
203516716940429018330290667447480605134990855602775600712873331757270352597093,26434853018797468154680571419428501389786845781344018942208859795433964051387
36964908088178162083830339421878613649601621292498592173167466931797714210855,82240824874959093768759725349282391532725064287746684346374545331019202631519
21739416317860724842903268604147343947621079729944434137036523796400369066826,11767087838347180310038290867067345954034763653262475631647392719893472450694
153229355920393335234512937133556588350066347200888879050307731450063201888233,30893928626045506777958528698600356291807768452554537940411687509794390998943
139948292702300267077823856426649012331675693202945940601492486114715809950666,126268945301331177597564747667604028023872271595614151192579393336096729204892
6673365990898905297787265660620174387294633256379562897113531637224302440467,200845617782126779017390638565252108956326129064706136381151964457329750116673
74549859975611747421285683096111871890985596198436959748605216298857849713131,196395194009405454331816839351900359383058676088574420245999399481735239778447
25748115273903913467236208842088327892365840734217822874139111320100131637584,207302805130216822030620685094883335159772730396266194567857621113319112254018
192934207374486875496101391608877846092119871122622903872356835007839032671243,183863895880730005993270520617146654111598131316839650470915166987075218071029
194990663440999282733972487198779718319078198733819812631452050674375017802329,104830589460222642640984771968802176464738781575778245578757457507016822423617
124713436356017397419543927740931684740818083286454825771361057633586447208555,63362832866942566843330211080867206513925312051986227788463234181602852347736
88274915301533686025876537037612478651317893080052233681352006095314781662279,159646446896047704016415060297550801353646560997493886835677214895897804221744
109265642218993746083231767535861147835146994515530492129699608859250952784702,21567251535896814421668949043891354880254600969942735080623087077696620229253
208575032426094655242246815802590574868018703492314323712232803570956877953161,124258170313387452114418701953631301502170690890026825710426275072665712128808
42567315182291168661746268738108684688618930015796428027626854360644210916371,171641223313945839482050582628312000327984248638887613131431675896122542048740
184982492769560053057029583599114118004503619617891280864163118477332360680009,16271901632076346874975243994449864678948758224615362769041818694384039803660
62120448686743736896560578013384960226039238559888189405655035130855841267423,161127131248063055641396107815317974353181938079879156039986447603450583312231
156659276104380628032867854612734286464878264739248186909861179241584690134178,204140382664666637210341853916003815887665656860018831120123922378650322267466
45437417136328435452558411185026679039446844066103541274252373192751279429711,99541285387034821470379362405484662751754079185940344254407708459374195149348
138518843902689525583052233101413683978047733853833940471843917197256916987344,121785276633391465219985552612194312912135969718612433461714855562369893791361
64295522394494277823296067949507020919337957415465033236109929466420093358193,170065326510893225220655059292586687675778841783400380356563754512376643086775
86113914324523574786228790982235293224931394653815863708317798022462879241062,178464897986355713260672177106746900343870900729259951601522554470422248716923
98817561099121836732297761222502716924486747187752925370652852330495322179431,96103958291302239831283524150427825346253209462278733840344695490664726782501
5706189515694715970024359155397301633364071917924654602197476891046782364483,137108075024143186557201973547725666601405641723893864062230742501204140214936
110442463713180670528397467601386008251490792765942414259631632714994526111722,177330330552535205286059173974629407861187462239130035628481266180945784335071
76181436703020137723272641816324167753783101901262212198895623103461273022301,68723812263949134884026508045490198315192137691978724181421414418618362634758
130301415686007815968912763408109086237356809632372333559687399218656827958608,192164885948702682392004900585918657704706764536723705414686463929824309581861
67953830513525216485891510029573068624699070455470295395629735325038337524448,153628557338213177901357403152621451481181599840734389778936324549445092445786
164134100650986523642761458482702711929704534045698737500048370435279648986044,57863603000994096643520203680207624424812383118172319817727148829746534173888
131654160708972344148303387425992321055491797327275397101359055766681521176317,143006924987540954913036931906857081167534378647012445628785564325379863702357
68217672140551085925405625128538484313235941073677921664621402871503851994544,62571380909647927956662240432567327522345956773852303035095803680641071579591
101166240704966226129087829080845085018177082006959895545832692367949344543169,152284761917648115204009871739456520273139900221816291941192001514886442701323
14594203033289651813068125883160009629000697857260304984494869996232722158538,100110064073829033644524342102217254975234233413622747007918439809692814885764
35025349566361875433407563527471433198707559323571482885110348373348819521901,148717430993771202751261956201953578694472075752999512799430363310506865625530
41477074800271435436465062782545836222567662653723007668485770640707625958936,88640950824480008814963576592161290365457069501725862701707912791592948538989
89780674874490953017576716805858943691656033206257477485646269948544361038283,37803870764064549861562511829077505073478270567219677894505933915152873401715
199277266838695605622785300214006571663279178870367057604088018973808622507544,95530556648982842473155377817286842868655433681706678479989350159253281404116
2879675471758635496239550120714385361387447234950472706025207991837094027379,202233704144127356243963864417607708674702475566495838534812827993792979369383
21054063258244089226774858082926599605189698068034487413484725578809402306284,189185124414991288213472569459727062287607205808113174887751459989990906718616
178852400803920943207363986536774546145588866327170883828092860261975352995043,167276406990479382336304624922527270920307644056920055244916287749698966234650
40795875343447619064509062481528752156119500222426804818265271025763970194882,54276878168720287009283354390767916113144149354759143584159720356681951513595
100520896765915016156040667351785230674767368617449158067867963245861595953696,66201284555256551439813323640312227674938929311265897546409026182237471135273
71892642278137820460237040697735017629995820889611642712788676325983726140104,161238690218566191414776926063877711410058477915302678239292742598689536594360
153108004912170765116036383201985680852404604619117386582448014272782851787472,191241210630920513675274366065715204178525736121688727889254105687121334698731
45925569421076639102483333808476482777702047196142312258741814555353154132951,63371844686767902068782701080427556185337239486245876507252019667169354833451
191068895803507368469733879706572018719037029913475946466045543078334988471641,128476415945053170784622133698998031715347022535552188105894243399049676381546
83948147203834864002172118085194246605367918403283686787051871706134448146056,40739270744633941342174728670480676342252594231245294586110202750350746765685
91488413008340717018117981969791032680828548077114848085531490231119584217019,21747816550511006095685377031988695833255554611740130522045573298854284894348
36672394422277477554293705430085505279984384894967200622186964587833484974380,181627825331498127156346556987025956021408193301508227117455558425867011895398
47352946873385833798714748537772841037142490835808922812301754359837650313492,105227419728235165826114875351410297571317162233644136274267370751153305156764
153887161858409989217839413428787944968104799949957578676009661618643376099667,27626965958572655783848606238401382945533562762817181160793366216179875561306
199143032847180414601100792821319659913911623805818180738066878022815826222713,107347167499990581504050917379191361800951973339226234649540665698911608376197
64291051462939893331918538033733757912928514454955197353567956247883476859645,116589477558185434512570448914151443238695639144032113584297242177184341336284
47303587959134438253596076055748819119262867158325795766064900213816991604961,38350932679669221627168037344631230536832828230342403094967887339774343689058
63415304289680183880257064164696577996103818796663620158707622570405992176717,157850586082162542003974636708979090576303520487635462792554660942483350308826
178107008708287379017922032428827323384270739326860152204774214923086855133627,143199549578642451856289400428539272954550456368904716980688114713216485272909
15929655277443825456293392465819683088438631312965759616419289341047990034560,172797725486723012426010378593267834400844476156759482873362764346209752959652
75815114121257706534505400596720866918988486302027177682156524298652339605363,119813015035806824719598624431728800656977695411134001553720928267855454329283
134542922554959698872031614935560595141301473362718814387896398082511361828974,138265422839581379772225452610407577565809767670251438324847022705570014422425
153710550687490133227052642953839822407658311876435537041031397399163636867920,135176562100271647085338185184506418170549236727548739099875695769204248977815
99404327749013607967574890529758574091471642641468972256237560090774462257832,13059035363995561317047117406330687376218995785481738865501842229319677363177
29671286458155165378771862593225511243629832382225559906398811398159677494672,11446690570516150385470944563951040501211793906828836618187959090912616753896
189046204537917387924098836049969709512753363114724016749059315204774227796080,175591462233073860821816042085480883157119861339249576852176343051902110555642
88199216426406471626020568583856018841957120410692776931061016131660540050769,135478093232609733344817538257527329740485990480049460398153738341207807723636
28152772784175541938249697353205487523319034962324988841386424411733083842709,585317551144144686776519494694135768891277360502119479155667805073695061593
18347481565909934941633737312450976525158442443416193954999974737230414470280,185962808945520294750218258698735497700805644886684101602586054589014647347215
129333026721049393604660148520762662953331056907271009208994023114182335622242,45485052308076169604285632589937613041651528525949030046279091983238255138664
176624550979978700841868394208243882814049320125168948467608939663472556143622,45063165420370442424200318416635098867300564426732531827253508517779276270432
34542631137134953235896968966603816683820684188909814594744622804974376856173,178909264678717857766644593704940975087729134949522136673387008532350461738940
75534673916431525667758125367595541107868390340477797963240885745628988378965,2364260715510965660303767954022550017297546460330978874216594406528326857129
192177351275553269652767062182886321010615909247143014724312938740069227457856,61728849257581972172304696159181149879539853452799970853786464691849577118088
184351561984697570257531623216216742361812717791096274091582312126089045170297,130029097942234918399580695099403544212628064147068249078501737001198864508316
106745866236115213319176618851480271475583966302648143547448666634501388108930,60625091394303187428892605899920754819032078177396839107777697394853228890157
166284651552894810917210994479308280525434461608618886773386294654990730647282,17295030363530528818494250508592522515297047538378319013574498342080464603597
109086614318574323934109867981451591440514867377832516698571900952435905224706,128874555480891527121671418604576671109761013142331276051422001003736934547797
150433203722428830564799553212278634643076229025685602728555627820902983225617,100601275744968380874744707795440483664827260589969137214094376967626880936798
130539980554610770783377880000553653892464703250784194163645787035619087207460,124940724976071021377056017776052733826108135895044656084577100920862624926871
86439947567448665565692251803452814139271344701663786399506784512085986694531,180069061495923812993341509401319922930594794397055667365970328914123869900830
87379369392501411303697898540645770371450380374633710833934381122744414468632,158830263889887137485937081592201168717832417118087015677067880983501602176006
55670345135941386530128109630379437481364957177892697454707656753216843268070,81422697416493090028184690842028124338049960238347000551616386236447704820312
11921479544603942457918931686884963071941054837572431725899601948548957501807,198776146504670931535164565242067550834693532082194649562983112602626208251431
157846223382359231938760896290933356211706383411821095476317916974374824758901,119465957056591986011814934492180157150300716783222732549943211700340303545068
48116743227881501066694632866974111840970270849235225290330766077792691877471,119957349795395337775453242469680184337206458710521620978994392665998327689179
133261588541700426524997131618194192058733163830193473228246279805020392782778,169915359501790888723898900880313332298622761573983917444435575576422860945606
34241713060708766018001796020344335112536685643999187576094114235732093846005,12737643050126339035563561637216028692896602520838775181392634799460027982790
146527777287512999128486716331691557592387377755668122640743600313643053499573,162059873921866527892767827902331277512583949750040822526501334095831663762541
184276065349320718722474259392783342203087936653025368553586533265998981149236,39471410231809526786000893756370529236307325400567339787321854336634068068653
69227122513156916144921858447704671366109342043706864544524100877631003673575,114200956416726739309302544556950878873926823539187656472727054772854888901810
15667562748265827783875077621374770538900748693881974563449117058757853596136,68565013240157348936098492517282492285121545356025755314953453635249102754888
207586627805871973690195073702938595397611121371862305241471264082191401011752,129369662740264392493657991806531307816310257158525948876336155398698779996299
76528492006522125337269482221724723706839219631073442316943984098097070506753,176345456317247345653957152843223959793691867122332904695180824285970628118901
60904850205107553878368196217551324303398019481695884981229038844128374880213,63035049000581807624405892522903763184170702466952819418822546342954648274479
210856455895255534597887980052689107936561635132277130681575570313571343083798,7141790693194676275821838531237405935519874154789836087208262821016033906874
82143793755144697362034359437794665394008421943486483243358299986681465913300,99799537413475594629461116626753295202932602018038275824536977575029366025785
176165610325374871436798164136502823493132067395795832948177998512213715712718,175179759305412000585395089843794604104702804483391764543317236500935571079485
89873395042336435108680060102297845662866983305132678457265995013486888407055,73045014236127455238637178197748182050345964896868190706534937483096592824585
42646452511541987945474660269567099034502426972612220676141748898588664007369,61793846900824200130561936336655423021755341596440336035165415595095216299207
109828717470874762852594913802626834238416618271283978148584325673974694290187,127252100856484982938998479102686036638969577900324228957185810016594424689592
134374617967792910183159344886077262421561301428253735572961906047722229020451,156052917194838405940661145457449036340646698550491311668733639905610772043826
201008721998518536901433648724346366024291447123129190947989385987416483634033,32261221893835998866711088619686292878995054213798400769747600403062301744968
112602871741481930891514569374262649483749687274709536146622710828463807183071,193607591094064628951013219650408153247514617610767336963576482193907871374430
203667348792903124780931881175920669544561606602370400266674173892275379679806,37878708702224751940508276532187353391813549552306901970897958261289458890735
143422360652739433076707736576436052852748871497261062018822570385812861532541,192273875515958965663857114567652029580422916179983406880301221335979134254475
14989824694555408702392772908261509257285421359211010927083380866865103151862,100084192093838451821880949252650484944538493609542683899396385613733392153120
97164276905979637442881030145514425325265645916281352883236654758754062271296,127821780716455018068951688380681626522413115414491406509232487324830691380092
66825390730621018067079425322098346813776950584496262396536511399698079153053,28461159329996657405951264784971957783883658538299506198110219525425194609832
74368873306592237419085095277383472712356082517732535190340676466781130712478,133250922624980132271668657888838475007169051125491445492310723863427700255003
122360674245821202445936916202519685471002835188689235665760562396632739676144,33196990075937422363664315696397828997728638429059383417683785184605674762048
32869483558794043473554866190187667755811382271640781000374324471179992728673,100423594010094599640526373938576127339300374544052913802890122307764476464701
84412998503491900350266593592229876726178449490811064462050867691148834013918,169413985386943821339788430133214024613292303976953683719898041331190138881285
175551323301898266392123675970773427133091320387592829235164307060714863812420,41266057470110666519401706289584162500959109953056261618183794043869476613836
16209237308526554628074161387984249367188412687287706086669846253109064760670,851548131483135539479166740172066869635796180261443129798379260473333279928
76024393414335886940051083386449124777327960254826595665267756037785695930032,128932851247677370438170875368036245864206027478726589789906357525162306827638
109001043633918396159336491744253363807165153906817876389296872534382087444943,58704933490791863753661231100549233998389697980218403047534106443245828131946
202179256208529688187040237793873200045193744235775530737121157140482710100603,116231303694794307096895942175232360711892056734473679693023498681785492295823
181774040806436489459089577369252350320776252540958256593213062651640282262128,184543251160335385544756528200469641503637859396802057910158861355904040283174
105533885529172655899984664656560180842937256421815112521916181614754065891261,81255676797543921064862631665990665090923691413237172108463507372928614773734
191234797554441182889862191534267451180745694160923760114905219569900141162614,167664759992527224502421225340928507110602619167726548850898843918745229666761
60015680110894390553862017176742532031705696079880405611859211619294228356743,73808341465478260703491021710361085857485993646656398518224217153467265835478
52371068335056822181742195918784091403322747577365063638022758271123431913109,169385928467939853688401419187414382465715090973691904818732409465969157105895
150223859794924784823673129933620842670232458872969137250425188435023849196210,159835149572405898886796829783096131438522140818498812924765977187231754852791
84446676554684113655801756624747032626140770110493396913866524181835102062653,45703254805498468808303250774990607878788061118976633176255666763865786274748
54545696367063973749867342565686188156527241657026259798318277278326301920951,105214055646462461568232696011291247895075400856032610716362475730825899481045
136915841949770330936661131816145868235841671287384570456315850145106949436511,201578137854310828491267737728014860544480628066401680283074403885502152001383
177778548686734132722846774273804404686411845819393660268700752175152006808258,178960401186749756570083610962516151915810893955000513099076259636020300451700
19741242777899910123254691374809042304653422966337035998927880162486686628261,194120759046082463720396044659604735005511722941441685422392408796588330406082
75174024867712422408706049984329999571142781337287429606801878999780403244993,123366518978234274033863531006644617770106643659654649946991170206651390894079
180429905383104881882186810273164140419012945294700867505643281346393017885854,162184397232024074712350780231536290782154611615499915238775576607159177282900
35616786378346414453689066687684040085044051755895573080331750020660787309893,4316231459215167683028582630179814688111446818287483487521646172169231233315
60592617050351116853761805266888966491549131274190276504377872006633085606712,82388537114464740051448009854449842355834091818081921301412932920196569532617
107130295205484347104275932694517334100583031463804240040850358346987472445137,16932971195071035867738358234528781064196968355301530478410209537760254288271
123948236009975577579739768603022605956687721072659921911677741862516921368253,203508431484484194939192201690032367329905126741420701777200834544224447595542
139773582076903765715815755870714703235432749099908057440347256698523895399370,11457737174629197888714816482735304073408320938477679373835855701451742835309
31620960658049952039981083600905694521639096807345757106108068074286614150090,68405815709338784013540117849810163099420921779497506776433084066556583229211
188313010216457487855522381431996473899456651302832542170551802525976030720349,1404933963030240297337779392560205708055456239012215097527484677424013117839
58962531493912011988397884584081547537104717056528081050279422920202053451028,196712458243336015958173531716039275846624944627125887874504199533481868779250
13902734047915896346520107098377786300034564145697268813018343360070487207775,107256118362279133469000366667834523983590275176872562897813529813287518978669
35610589807303722376338317327168817553311488595653781819248587874493429351110,135230260679836324796942590091310127861307403271448224543083361365849998206270
94729718993345633352635539399418427122349273140417960908947626010069573509360,62607274776404304250109385268390713031119690255037145422459056639926357247669
41162085455964737566776370562137081653343061613273226594158218175158859346180,97058103286475324815053042458831274576955081514184324772448090056859583200848
49928918564537244599415188823970178892830671750159959885629746686907226477692,208953289626336963261855521869011402898594922189221391560353596294558289413111
187370776622560096869311338214370488226680661535205542668700478016450495542087,102325757473145856889574443943420676448917780192336252993525638498697742882991
114104413340293305347826142444632917730302504405989190174370911588712357699129,120277333377975541567668920468469049779293391222622214437565986711037684736520
175819567201314422681379695128928598619226250587127131241275773664731599864300,86952119319672106322352978347887731092386859720651213962507996208243825586726
82473130895290941405718583809574587835083226601083947486610630180423102974405,113269396991366289880958536949771835774722984929004507597726761948076606992456
119406495783634421230231343604863422232388944099734861384268784390717607564551,61120440134756949995184775055971307968476470915432643954023406921059347837397
79867723986859995923620194384665338247350567840640932122066612908345446136267,52482293862859766039023242055198686983547414650702627329307648796175997592195
194876067331739725897571795930971904386013030236630896722352868499807288921265,187493335278575289110292916576861840538160520236301038577738299466513032487951
190051360592070982181931812648551912075517058635535249719444128545307749020409,32110787255910136170556284859556535856249109541849852905288014316707926415019
55473177809848418112432239853453546596341985128360164067639524730984046988116,25190490115204585332075463508387182713830952285712334797102949065475128949508
175161829044191335332131055647598248234747900472508072792420799075355306910501,192636277736298200702140914416770415159339691518997979819477903930355734687489
60457482830610130924963817999473202736979001072345393987674272859209663787719,175537956115141210159527305174182889367072172230846642661682888436984158284167
55295326964991984944646017928404330449410392283402529231213435923362575057294,117032434325022572180665240549111335653074610007615268375737711236283621103600
205793784780818846399057942745688738810297702599802420968753630332951817245455,87708892728256673761996008905380124350926928649628822070430927661196108489656
159409354824686648597264590864958521692857771614353363458361044990256526706233,42797288583331838340965401923861183321401889551985105668427866986983279727416
56919936918738170593429118034344240820340336734705461395623488508981463062330,176934950400361888067490014044278988644306511660329270526772457532310597080867
157438303583247432456097488158910609087269660262792499892423409974041528316889,64782596495515235441504295670090537941845070905342103058538025650108610984760
69991961390324232145242398071437477157705010936768511288842577081974624066646,91287468805039689742999883519169196763414351323822533586221962190998027848214
83481809261088381456536914437104390950419465129292610356353189374152487305881,25832621545935611969355614612801658374217838320962744027145799163453649407280
48419787747758103565255923642042718861847043586435749604013573794780961706126,99242868549043749032336392810605678505505821752771040139525892037362878728231
44263535646400981836713139727077386967456228106722155026046743959382763824412,54527461847365305318173391090801282009675600661290329575587038015439585927272
82280610821055838591501741514744795379814569543767546382441650871942780624660,137586165403805372765890798832724107842726570567527561784283035056252854466652
39628792247365806756929597651459687776182763503123038220947193490992824381301,173692715078210881661392133470446904199413522002337464498929964843663240976028
151550513907871001936997611153071365037902248541995751958720961082388372787058,185057987643043698879776093975001003438093885262989899067893547586613716331730
40968969100391937890016692827902453056972590791793881021393355187746316205681,174361241184306874166922851901208867534955111106123246455155826522474571143155
16137952782282810992318986474833046616571198697867574062342066979879049552150,78230838269370075670740902407398998911549496152791241197701133693997100017823
6812138328066279097901867502286101836927341057961679713682007749808935553626,36912817602982122968197524862639321267152992943192499804771472698670941616428
