77117738377935464536442390092614329975683711855163182775351740680557095542787
2864242579007028922305575764548079156215007822426771349938327354006170071907
27748866098547236637959447964224165470760337984907871193679129060366869262570
55120692468133060811546179368617820074939740873598628968579425749066349191355
58075879661645441445623177978021810514475508555487197167923512864169147816309
6163668732598181867188531106654067731688915877752280345287888845746614416185
20844590921002156359634503612849767214174075563467343956766469904968300759753
67273548957646345335120051548823231686088256755632475124374661262019858542170
27748866098547236637959447964224165470760337984907871193679129060366869262570
55120692468133060811546179368617820074939740873598628968579425749066349191355
58075879661645441445623177978021810514475508555487197167923512864169147816309
6163668732598181867188531106654067731688915877752280345287888845746614416185
77117738377935464536442390092614329975683711855163182775351740680557095542787
2864242579007028922305575764548079156215007822426771349938327354006170071907
55120692468133060811546179368617820074939740873598628968579425749066349191355
55120692468133060811546179368617820074939740873598628968579425749066349191355
58075879661645441445623177978021810514475508555487197167923512864169147816309
66974661966060392734147905514059979512071714914194607471731664938890954410611
77117738377935464536442390092614329975683711855163182775351740680557095542787
11209808090682397124802382764576823472180529510506518947565929542270722325694
34693335336861771759966283138641317217094966566624189024200846308928669453959
3525173615944028812468801989947808197030530999486777344948264372269970051615
1042113835784507265890697097816483989967662762268129255295058773897085138547
7574588519035111555926784011408774778580392212403540863721388603753692369249
13798902220861150561495653109559484803030669085118857126437183154137451887768
11209808090682397124802382764576823472180529510506518947565929542270722325694
2293353469466820226332248330242738412181621900255938930635323783099453084422
3525173615944028812468801989947808197030530999486777344948264372269970051615
67110128749827552482813614447020989868981558380084090910111113784347190487134
34693335336861771759966283138641317217094966566624189024200846308928669453959
62507769083930575742951221647967272439861491061528057281766601964546011238731
66974661966060392734147905514059979512071714914194607471731664938890954410611
67273548957646345335120051548823231686088256755632475124374661262019858542170
49632931530263192755140509925030341006420415204259697292629518571075952593719
49632931530263192755140509925030341006420415204259697292629518571075952593719
68146643252577249946370876590174807800197448262498676335383226862753518412953
13798902220861150561495653109559484803030669085118857126437183154137451887768
38369241285783996600175237923531970719946050444295387071030769046878552811105
62126643733629243154420828406855939699805740306695765773128757367225144821057
55455973105334978013634358983689968141597901574541049468327815916454402871254
38369241285783996600175237923531970719946050444295387071030769046878552811105
1042113835784507265890697097816483989967662762268129255295058773897085138547
66974661966060392734147905514059979512071714914194607471731664938890954410611
18252598332902160475182656191632091760935862575821298524937911888336270680344
66974661966060392734147905514059979512071714914194607471731664938890954410611
69943846822903337338479942325999730997009024187594473467285997778812351330548
72666096369904197318895682612948667033887771096629256492449095479568436745895
2293353469466820226332248330242738412181621900255938930635323783099453084422
10828602475629248965703252419961461903752157093782586736209026672474603435642
10828602475629248965703252419961461903752157093782586736209026672474603435642
66974661966060392734147905514059979512071714914194607471731664938890954410611
18252598332902160475182656191632091760935862575821298524937911888336270680344
16377817782803650807059032787086099920702244895089717721974964849453573028369
39844466809382652944736171694705148935756573670482733912098403928959766284976
44654788528201265309438614601592514164970257330986727283587873693237522779110
23311277337421079823355019468574036882752067876102550026326071335066727024855
13732567393325133248814883850620759777074747633126153294644683430546335679292
72666096369904197318895682612948667033887771096629256492449095479568436745895
7574588519035111555926784011408774778580392212403540863721388603753692369249
11209808090682397124802382764576823472180529510506518947565929542270722325694
66974661966060392734147905514059979512071714914194607471731664938890954410611
1042113835784507265890697097816483989967662762268129255295058773897085138547
67110128749827552482813614447020989868981558380084090910111113784347190487134
68146643252577249946370876590174807800197448262498676335383226862753518412953
49632931530263192755140509925030341006420415204259697292629518571075952593719
66974661966060392734147905514059979512071714914194607471731664938890954410611
2293353469466820226332248330242738412181621900255938930635323783099453084422
49632931530263192755140509925030341006420415204259697292629518571075952593719
49632931530263192755140509925030341006420415204259697292629518571075952593719
68146643252577249946370876590174807800197448262498676335383226862753518412953
13798902220861150561495653109559484803030669085118857126437183154137451887768
38369241285783996600175237923531970719946050444295387071030769046878552811105
62126643733629243154420828406855939699805740306695765773128757367225144821057
55455973105334978013634358983689968141597901574541049468327815916454402871254
38369241285783996600175237923531970719946050444295387071030769046878552811105
1042113835784507265890697097816483989967662762268129255295058773897085138547
21786345723044798961973551423514714531686777485208151166027540887984581096443
66974661966060392734147905514059979512071714914194607471731664938890954410611
3525173615944028812468801989947808197030530999486777344948264372269970051615
11209808090682397124802382764576823472180529510506518947565929542270722325694
7574588519035111555926784011408774778580392212403540863721388603753692369249
57606257487202832498131678676592910412773471907675100675303528049932139134038
68146643252577249946370876590174807800197448262498676335383226862753518412953
77134354702987889313353638180721644896113719066216366675071246928931390061200
55455973105334978013634358983689968141597901574541049468327815916454402871254
66974661966060392734147905514059979512071714914194607471731664938890954410611
34693335336861771759966283138641317217094966566624189024200846308928669453959
7574588519035111555926784011408774778580392212403540863721388603753692369249
24935007347734567887609951167447697877809739881705350181603465385122938502010
11209808090682397124802382764576823472180529510506518947565929542270722325694
66974661966060392734147905514059979512071714914194607471731664938890954410611
7574588519035111555926784011408774778580392212403540863721388603753692369249
73484730807208186098158162051293957846909993953948109776101634317112495035804
38369241285783996600175237923531970719946050444295387071030769046878552811105
66974661966060392734147905514059979512071714914194607471731664938890954410611
68146643252577249946370876590174807800197448262498676335383226862753518412953
62126643733629243154420828406855939699805740306695765773128757367225144821057
3525173615944028812468801989947808197030530999486777344948264372269970051615
10828602475629248965703252419961461903752157093782586736209026672474603435642
55455973105334978013634358983689968141597901574541049468327815916454402871254
62126643733629243154420828406855939699805740306695765773128757367225144821057
55455973105334978013634358983689968141597901574541049468327815916454402871254
38369241285783996600175237923531970719946050444295387071030769046878552811105
1042113835784507265890697097816483989967662762268129255295058773897085138547
2293353469466820226332248330242738412181621900255938930635323783099453084422
1042113835784507265890697097816483989967662762268129255295058773897085138547
68146643252577249946370876590174807800197448262498676335383226862753518412953
7574588519035111555926784011408774778580392212403540863721388603753692369249
38369241285783996600175237923531970719946050444295387071030769046878552811105
66974661966060392734147905514059979512071714914194607471731664938890954410611
7574588519035111555926784011408774778580392212403540863721388603753692369249
70960244114511969464977309686837845637749577415568592813876865142793661256215
66974661966060392734147905514059979512071714914194607471731664938890954410611
1042113835784507265890697097816483989967662762268129255295058773897085138547
67110128749827552482813614447020989868981558380084090910111113784347190487134
55455973105334978013634358983689968141597901574541049468327815916454402871254
66974661966060392734147905514059979512071714914194607471731664938890954410611
44870206181123650350101855350017597489349560062900431994527721053637380345964
2864242579007028922305575764548079156215007822426771349938327354006170071907
67273548957646345335120051548823231686088256755632475124374661262019858542170
66974661966060392734147905514059979512071714914194607471731664938890954410611
13732567393325133248814883850620759777074747633126153294644683430546335679292
44314049329905752727930090115687497873715380775989726387401669022099599792263
11209808090682397124802382764576823472180529510506518947565929542270722325694
34693335336861771759966283138641317217094966566624189024200846308928669453959
3525173615944028812468801989947808197030530999486777344948264372269970051615
1042113835784507265890697097816483989967662762268129255295058773897085138547
7574588519035111555926784011408774778580392212403540863721388603753692369249
49632931530263192755140509925030341006420415204259697292629518571075952593719
34693335336861771759966283138641317217094966566624189024200846308928669453959
49632931530263192755140509925030341006420415204259697292629518571075952593719
1042113835784507265890697097816483989967662762268129255295058773897085138547
55455973105334978013634358983689968141597901574541049468327815916454402871254
62126643733629243154420828406855939699805740306695765773128757367225144821057
66974661966060392734147905514059979512071714914194607471731664938890954410611
68146643252577249946370876590174807800197448262498676335383226862753518412953
38369241285783996600175237923531970719946050444295387071030769046878552811105
66974661966060392734147905514059979512071714914194607471731664938890954410611
2293353469466820226332248330242738412181621900255938930635323783099453084422
38369241285783996600175237923531970719946050444295387071030769046878552811105
34693335336861771759966283138641317217094966566624189024200846308928669453959
66974661966060392734147905514059979512071714914194607471731664938890954410611
3525173615944028812468801989947808197030530999486777344948264372269970051615
11209808090682397124802382764576823472180529510506518947565929542270722325694
7574588519035111555926784011408774778580392212403540863721388603753692369249
13798902220861150561495653109559484803030669085118857126437183154137451887768
11209808090682397124802382764576823472180529510506518947565929542270722325694
2293353469466820226332248330242738412181621900255938930635323783099453084422
62126643733629243154420828406855939699805740306695765773128757367225144821057
62126643733629243154420828406855939699805740306695765773128757367225144821057
68146643252577249946370876590174807800197448262498676335383226862753518412953
38369241285783996600175237923531970719946050444295387071030769046878552811105
13798902220861150561495653109559484803030669085118857126437183154137451887768
66974661966060392734147905514059979512071714914194607471731664938890954410611
10828602475629248965703252419961461903752157093782586736209026672474603435642
2293353469466820226332248330242738412181621900255938930635323783099453084422
38369241285783996600175237923531970719946050444295387071030769046878552811105
13798902220861150561495653109559484803030669085118857126437183154137451887768
24935007347734567887609951167447697877809739881705350181603465385122938502010
2293353469466820226332248330242738412181621900255938930635323783099453084422
13798902220861150561495653109559484803030669085118857126437183154137451887768
55455973105334978013634358983689968141597901574541049468327815916454402871254
66974661966060392734147905514059979512071714914194607471731664938890954410611
7574588519035111555926784011408774778580392212403540863721388603753692369249
70960244114511969464977309686837845637749577415568592813876865142793661256215
66974661966060392734147905514059979512071714914194607471731664938890954410611
34693335336861771759966283138641317217094966566624189024200846308928669453959
7574588519035111555926784011408774778580392212403540863721388603753692369249
24935007347734567887609951167447697877809739881705350181603465385122938502010
11209808090682397124802382764576823472180529510506518947565929542270722325694
66974661966060392734147905514059979512071714914194607471731664938890954410611
44314049329905752727930090115687497873715380775989726387401669022099599792263
67110128749827552482813614447020989868981558380084090910111113784347190487134
7574588519035111555926784011408774778580392212403540863721388603753692369249
68146643252577249946370876590174807800197448262498676335383226862753518412953
44314049329905752727930090115687497873715380775989726387401669022099599792263
55455973105334978013634358983689968141597901574541049468327815916454402871254
62507769083930575742951221647967272439861491061528057281766601964546011238731
13732567393325133248814883850620759777074747633126153294644683430546335679292
67273548957646345335120051548823231686088256755632475124374661262019858542170
10828602475629248965703252419961461903752157093782586736209026672474603435642
10828602475629248965703252419961461903752157093782586736209026672474603435642
7574588519035111555926784011408774778580392212403540863721388603753692369249
73484730807208186098158162051293957846909993953948109776101634317112495035804
66974661966060392734147905514059979512071714914194607471731664938890954410611
1042113835784507265890697097816483989967662762268129255295058773897085138547
67110128749827552482813614447020989868981558380084090910111113784347190487134
55455973105334978013634358983689968141597901574541049468327815916454402871254
66974661966060392734147905514059979512071714914194607471731664938890954410611
24935007347734567887609951167447697877809739881705350181603465385122938502010
49632931530263192755140509925030341006420415204259697292629518571075952593719
55455973105334978013634358983689968141597901574541049468327815916454402871254
11209808090682397124802382764576823472180529510506518947565929542270722325694
66974661966060392734147905514059979512071714914194607471731664938890954410611
2293353469466820226332248330242738412181621900255938930635323783099453084422
66974661966060392734147905514059979512071714914194607471731664938890954410611
70960244114511969464977309686837845637749577415568592813876865142793661256215
11209808090682397124802382764576823472180529510506518947565929542270722325694
55455973105334978013634358983689968141597901574541049468327815916454402871254
55455973105334978013634358983689968141597901574541049468327815916454402871254
77134354702987889313353638180721644896113719066216366675071246928931390061200
7574588519035111555926784011408774778580392212403540863721388603753692369249
62126643733629243154420828406855939699805740306695765773128757367225144821057
66974661966060392734147905514059979512071714914194607471731664938890954410611
1042113835784507265890697097816483989967662762268129255295058773897085138547
7574588519035111555926784011408774778580392212403540863721388603753692369249
66974661966060392734147905514059979512071714914194607471731664938890954410611
44314049329905752727930090115687497873715380775989726387401669022099599792263
67110128749827552482813614447020989868981558380084090910111113784347190487134
7574588519035111555926784011408774778580392212403540863721388603753692369249
7574588519035111555926784011408774778580392212403540863721388603753692369249
49632931530263192755140509925030341006420415204259697292629518571075952593719
55455973105334978013634358983689968141597901574541049468327815916454402871254
66974661966060392734147905514059979512071714914194607471731664938890954410611
1042113835784507265890697097816483989967662762268129255295058773897085138547
67110128749827552482813614447020989868981558380084090910111113784347190487134
55455973105334978013634358983689968141597901574541049468327815916454402871254
66974661966060392734147905514059979512071714914194607471731664938890954410611
33075712595258552367611163685862853337784251557059425255875893764615346753785
68146643252577249946370876590174807800197448262498676335383226862753518412953
1042113835784507265890697097816483989967662762268129255295058773897085138547
59710990378731859338097782269411139083103624134860559941597936253832186581234
10828602475629248965703252419961461903752157093782586736209026672474603435642
55455973105334978013634358983689968141597901574541049468327815916454402871254
38369241285783996600175237923531970719946050444295387071030769046878552811105
13798902220861150561495653109559484803030669085118857126437183154137451887768
1042113835784507265890697097816483989967662762268129255295058773897085138547
67110128749827552482813614447020989868981558380084090910111113784347190487134
66974661966060392734147905514059979512071714914194607471731664938890954410611
70960244114511969464977309686837845637749577415568592813876865142793661256215
7574588519035111555926784011408774778580392212403540863721388603753692369249
11209808090682397124802382764576823472180529510506518947565929542270722325694
66974661966060392734147905514059979512071714914194607471731664938890954410611
1042113835784507265890697097816483989967662762268129255295058773897085138547
67110128749827552482813614447020989868981558380084090910111113784347190487134
55455973105334978013634358983689968141597901574541049468327815916454402871254
68146643252577249946370876590174807800197448262498676335383226862753518412953
11209808090682397124802382764576823472180529510506518947565929542270722325694
66974661966060392734147905514059979512071714914194607471731664938890954410611
13732567393325133248814883850620759777074747633126153294644683430546335679292
3525173615944028812468801989947808197030530999486777344948264372269970051615
11209808090682397124802382764576823472180529510506518947565929542270722325694
68146643252577249946370876590174807800197448262498676335383226862753518412953
62126643733629243154420828406855939699805740306695765773128757367225144821057
55455973105334978013634358983689968141597901574541049468327815916454402871254
66974661966060392734147905514059979512071714914194607471731664938890954410611
38369241285783996600175237923531970719946050444295387071030769046878552811105
24935007347734567887609951167447697877809739881705350181603465385122938502010
62126643733629243154420828406855939699805740306695765773128757367225144821057
33075712595258552367611163685862853337784251557059425255875893764615346753785
55455973105334978013634358983689968141597901574541049468327815916454402871254
11209808090682397124802382764576823472180529510506518947565929542270722325694
49632931530263192755140509925030341006420415204259697292629518571075952593719
62507769083930575742951221647967272439861491061528057281766601964546011238731
66974661966060392734147905514059979512071714914194607471731664938890954410611
41055674031120319091809459434566119452634732070767232422807232423924771520025
7574588519035111555926784011408774778580392212403540863721388603753692369249
24935007347734567887609951167447697877809739881705350181603465385122938502010
11209808090682397124802382764576823472180529510506518947565929542270722325694
66974661966060392734147905514059979512071714914194607471731664938890954410611
49632931530263192755140509925030341006420415204259697292629518571075952593719
34693335336861771759966283138641317217094966566624189024200846308928669453959
49632931530263192755140509925030341006420415204259697292629518571075952593719
1042113835784507265890697097816483989967662762268129255295058773897085138547
55455973105334978013634358983689968141597901574541049468327815916454402871254
62126643733629243154420828406855939699805740306695765773128757367225144821057
66974661966060392734147905514059979512071714914194607471731664938890954410611
49632931530263192755140509925030341006420415204259697292629518571075952593719
67110128749827552482813614447020989868981558380084090910111113784347190487134
7574588519035111555926784011408774778580392212403540863721388603753692369249
24935007347734567887609951167447697877809739881705350181603465385122938502010
10828602475629248965703252419961461903752157093782586736209026672474603435642
77134354702987889313353638180721644896113719066216366675071246928931390061200
66974661966060392734147905514059979512071714914194607471731664938890954410611
55455973105334978013634358983689968141597901574541049468327815916454402871254
38369241285783996600175237923531970719946050444295387071030769046878552811105
44314049329905752727930090115687497873715380775989726387401669022099599792263
11209808090682397124802382764576823472180529510506518947565929542270722325694
34693335336861771759966283138641317217094966566624189024200846308928669453959
3525173615944028812468801989947808197030530999486777344948264372269970051615
1042113835784507265890697097816483989967662762268129255295058773897085138547
66974661966060392734147905514059979512071714914194607471731664938890954410611
7574588519035111555926784011408774778580392212403540863721388603753692369249
38369241285783996600175237923531970719946050444295387071030769046878552811105
10828602475629248965703252419961461903752157093782586736209026672474603435642
34693335336861771759966283138641317217094966566624189024200846308928669453959
66974661966060392734147905514059979512071714914194607471731664938890954410611
49632931530263192755140509925030341006420415204259697292629518571075952593719
68146643252577249946370876590174807800197448262498676335383226862753518412953
38369241285783996600175237923531970719946050444295387071030769046878552811105
13798902220861150561495653109559484803030669085118857126437183154137451887768
10828602475629248965703252419961461903752157093782586736209026672474603435642
55455973105334978013634358983689968141597901574541049468327815916454402871254
66974661966060392734147905514059979512071714914194607471731664938890954410611
67273548957646345335120051548823231686088256755632475124374661262019858542170
2864242579007028922305575764548079156215007822426771349938327354006170071907
77117738377935464536442390092614329975683711855163182775351740680557095542787
20367761264289423465625390446020302519152535495545513377751269092637141327050
20367761264289423465625390446020302519152535495545513377751269092637141327050
66974661966060392734147905514059979512071714914194607471731664938890954410611
44314049329905752727930090115687497873715380775989726387401669022099599792263
67110128749827552482813614447020989868981558380084090910111113784347190487134
2293353469466820226332248330242738412181621900255938930635323783099453084422
11209808090682397124802382764576823472180529510506518947565929542270722325694
2293353469466820226332248330242738412181621900255938930635323783099453084422
44314049329905752727930090115687497873715380775989726387401669022099599792263
1042113835784507265890697097816483989967662762268129255295058773897085138547
55455973105334978013634358983689968141597901574541049468327815916454402871254
11209808090682397124802382764576823472180529510506518947565929542270722325694
49632931530263192755140509925030341006420415204259697292629518571075952593719
66974661966060392734147905514059979512071714914194607471731664938890954410611
13732567393325133248814883850620759777074747633126153294644683430546335679292
70960244114511969464977309686837845637749577415568592813876865142793661256215
11209808090682397124802382764576823472180529510506518947565929542270722325694
7574588519035111555926784011408774778580392212403540863721388603753692369249
62126643733629243154420828406855939699805740306695765773128757367225144821057
66974661966060392734147905514059979512071714914194607471731664938890954410611
1042113835784507265890697097816483989967662762268129255295058773897085138547
55455973105334978013634358983689968141597901574541049468327815916454402871254
53192117099060219256303677307213299018425320839563014150650318224166882308035
1042113835784507265890697097816483989967662762268129255295058773897085138547
66974661966060392734147905514059979512071714914194607471731664938890954410611
70960244114511969464977309686837845637749577415568592813876865142793661256215
68146643252577249946370876590174807800197448262498676335383226862753518412953
10828602475629248965703252419961461903752157093782586736209026672474603435642
55455973105334978013634358983689968141597901574541049468327815916454402871254
49632931530263192755140509925030341006420415204259697292629518571075952593719
66974661966060392734147905514059979512071714914194607471731664938890954410611
73484730807208186098158162051293957846909993953948109776101634317112495035804
68146643252577249946370876590174807800197448262498676335383226862753518412953
1042113835784507265890697097816483989967662762268129255295058773897085138547
67110128749827552482813614447020989868981558380084090910111113784347190487134
7574588519035111555926784011408774778580392212403540863721388603753692369249
24935007347734567887609951167447697877809739881705350181603465385122938502010
1042113835784507265890697097816483989967662762268129255295058773897085138547
66974661966060392734147905514059979512071714914194607471731664938890954410611
49632931530263192755140509925030341006420415204259697292629518571075952593719
2293353469466820226332248330242738412181621900255938930635323783099453084422
10828602475629248965703252419961461903752157093782586736209026672474603435642
1042113835784507265890697097816483989967662762268129255295058773897085138547
68146643252577249946370876590174807800197448262498676335383226862753518412953
38369241285783996600175237923531970719946050444295387071030769046878552811105
13798902220861150561495653109559484803030669085118857126437183154137451887768
62507769083930575742951221647967272439861491061528057281766601964546011238731
13732567393325133248814883850620759777074747633126153294644683430546335679292
41055674031120319091809459434566119452634732070767232422807232423924771520025
7574588519035111555926784011408774778580392212403540863721388603753692369249
24935007347734567887609951167447697877809739881705350181603465385122938502010
11209808090682397124802382764576823472180529510506518947565929542270722325694
66974661966060392734147905514059979512071714914194607471731664938890954410611
3525173615944028812468801989947808197030530999486777344948264372269970051615
11209808090682397124802382764576823472180529510506518947565929542270722325694
7574588519035111555926784011408774778580392212403540863721388603753692369249
13798902220861150561495653109559484803030669085118857126437183154137451887768
11209808090682397124802382764576823472180529510506518947565929542270722325694
2293353469466820226332248330242738412181621900255938930635323783099453084422
62126643733629243154420828406855939699805740306695765773128757367225144821057
66974661966060392734147905514059979512071714914194607471731664938890954410611
49632931530263192755140509925030341006420415204259697292629518571075952593719
67110128749827552482813614447020989868981558380084090910111113784347190487134
7574588519035111555926784011408774778580392212403540863721388603753692369249
24935007347734567887609951167447697877809739881705350181603465385122938502010
10828602475629248965703252419961461903752157093782586736209026672474603435642
77134354702987889313353638180721644896113719066216366675071246928931390061200
66974661966060392734147905514059979512071714914194607471731664938890954410611
1042113835784507265890697097816483989967662762268129255295058773897085138547
2293353469466820226332248330242738412181621900255938930635323783099453084422
39914820547847980179519524844137223476395639903333385479852795250174239252348
55455973105334978013634358983689968141597901574541049468327815916454402871254
66974661966060392734147905514059979512071714914194607471731664938890954410611
70960244114511969464977309686837845637749577415568592813876865142793661256215
7574588519035111555926784011408774778580392212403540863721388603753692369249
24935007347734567887609951167447697877809739881705350181603465385122938502010
11209808090682397124802382764576823472180529510506518947565929542270722325694
66974661966060392734147905514059979512071714914194607471731664938890954410611
68146643252577249946370876590174807800197448262498676335383226862753518412953
38369241285783996600175237923531970719946050444295387071030769046878552811105
3525173615944028812468801989947808197030530999486777344948264372269970051615
24935007347734567887609951167447697877809739881705350181603465385122938502010
1042113835784507265890697097816483989967662762268129255295058773897085138547
66974661966060392734147905514059979512071714914194607471731664938890954410611
3525173615944028812468801989947808197030530999486777344948264372269970051615
2293353469466820226332248330242738412181621900255938930635323783099453084422
11209808090682397124802382764576823472180529510506518947565929542270722325694
2293353469466820226332248330242738412181621900255938930635323783099453084422
62126643733629243154420828406855939699805740306695765773128757367225144821057
55455973105334978013634358983689968141597901574541049468327815916454402871254
1042113835784507265890697097816483989967662762268129255295058773897085138547
55455973105334978013634358983689968141597901574541049468327815916454402871254
11209808090682397124802382764576823472180529510506518947565929542270722325694
49632931530263192755140509925030341006420415204259697292629518571075952593719
19531542291259537753457675924014639388992761814428397212783971769406567315719
66974661966060392734147905514059979512071714914194607471731664938890954410611
2293353469466820226332248330242738412181621900255938930635323783099453084422
66974661966060392734147905514059979512071714914194607471731664938890954410611
3525173615944028812468801989947808197030530999486777344948264372269970051615
10828602475629248965703252419961461903752157093782586736209026672474603435642
2293353469466820226332248330242738412181621900255938930635323783099453084422
68146643252577249946370876590174807800197448262498676335383226862753518412953
38369241285783996600175237923531970719946050444295387071030769046878552811105
1042113835784507265890697097816483989967662762268129255295058773897085138547
55455973105334978013634358983689968141597901574541049468327815916454402871254
53192117099060219256303677307213299018425320839563014150650318224166882308035
1042113835784507265890697097816483989967662762268129255295058773897085138547
66974661966060392734147905514059979512071714914194607471731664938890954410611
70960244114511969464977309686837845637749577415568592813876865142793661256215
68146643252577249946370876590174807800197448262498676335383226862753518412953
10828602475629248965703252419961461903752157093782586736209026672474603435642
55455973105334978013634358983689968141597901574541049468327815916454402871254
38369241285783996600175237923531970719946050444295387071030769046878552811105
2293353469466820226332248330242738412181621900255938930635323783099453084422
62126643733629243154420828406855939699805740306695765773128757367225144821057
55455973105334978013634358983689968141597901574541049468327815916454402871254
21786345723044798961973551423514714531686777485208151166027540887984581096443
66974661966060392734147905514059979512071714914194607471731664938890954410611
13732567393325133248814883850620759777074747633126153294644683430546335679292
2293353469466820226332248330242738412181621900255938930635323783099453084422
66974661966060392734147905514059979512071714914194607471731664938890954410611
44314049329905752727930090115687497873715380775989726387401669022099599792263
68146643252577249946370876590174807800197448262498676335383226862753518412953
3525173615944028812468801989947808197030530999486777344948264372269970051615
67110128749827552482813614447020989868981558380084090910111113784347190487134
55455973105334978013634358983689968141597901574541049468327815916454402871254
11209808090682397124802382764576823472180529510506518947565929542270722325694
1042113835784507265890697097816483989967662762268129255295058773897085138547
55455973105334978013634358983689968141597901574541049468327815916454402871254
53192117099060219256303677307213299018425320839563014150650318224166882308035
1042113835784507265890697097816483989967662762268129255295058773897085138547
66974661966060392734147905514059979512071714914194607471731664938890954410611
70960244114511969464977309686837845637749577415568592813876865142793661256215
68146643252577249946370876590174807800197448262498676335383226862753518412953
10828602475629248965703252419961461903752157093782586736209026672474603435642
55455973105334978013634358983689968141597901574541049468327815916454402871254
38369241285783996600175237923531970719946050444295387071030769046878552811105
2293353469466820226332248330242738412181621900255938930635323783099453084422
62126643733629243154420828406855939699805740306695765773128757367225144821057
55455973105334978013634358983689968141597901574541049468327815916454402871254
21786345723044798961973551423514714531686777485208151166027540887984581096443
66974661966060392734147905514059979512071714914194607471731664938890954410611
2293353469466820226332248330242738412181621900255938930635323783099453084422
38369241285783996600175237923531970719946050444295387071030769046878552811105
77134354702987889313353638180721644896113719066216366675071246928931390061200
66974661966060392734147905514059979512071714914194607471731664938890954410611
2293353469466820226332248330242738412181621900255938930635323783099453084422
66974661966060392734147905514059979512071714914194607471731664938890954410611
70960244114511969464977309686837845637749577415568592813876865142793661256215
68146643252577249946370876590174807800197448262498676335383226862753518412953
10828602475629248965703252419961461903752157093782586736209026672474603435642
55455973105334978013634358983689968141597901574541049468327815916454402871254
38369241285783996600175237923531970719946050444295387071030769046878552811105
2293353469466820226332248330242738412181621900255938930635323783099453084422
62126643733629243154420828406855939699805740306695765773128757367225144821057
55455973105334978013634358983689968141597901574541049468327815916454402871254
66974661966060392734147905514059979512071714914194607471731664938890954410611
70960244114511969464977309686837845637749577415568592813876865142793661256215
7574588519035111555926784011408774778580392212403540863721388603753692369249
11209808090682397124802382764576823472180529510506518947565929542270722325694
66974661966060392734147905514059979512071714914194607471731664938890954410611
1042113835784507265890697097816483989967662762268129255295058773897085138547
67110128749827552482813614447020989868981558380084090910111113784347190487134
55455973105334978013634358983689968141597901574541049468327815916454402871254
66974661966060392734147905514059979512071714914194607471731664938890954410611
77134354702987889313353638180721644896113719066216366675071246928931390061200
55455973105334978013634358983689968141597901574541049468327815916454402871254
44314049329905752727930090115687497873715380775989726387401669022099599792263
11209808090682397124802382764576823472180529510506518947565929542270722325694
34693335336861771759966283138641317217094966566624189024200846308928669453959
3525173615944028812468801989947808197030530999486777344948264372269970051615
1042113835784507265890697097816483989967662762268129255295058773897085138547
55455973105334978013634358983689968141597901574541049468327815916454402871254
77134354702987889313353638180721644896113719066216366675071246928931390061200
66974661966060392734147905514059979512071714914194607471731664938890954410611
1042113835784507265890697097816483989967662762268129255295058773897085138547
55455973105334978013634358983689968141597901574541049468327815916454402871254
53192117099060219256303677307213299018425320839563014150650318224166882308035
1042113835784507265890697097816483989967662762268129255295058773897085138547
21786345723044798961973551423514714531686777485208151166027540887984581096443
66974661966060392734147905514059979512071714914194607471731664938890954410611
2293353469466820226332248330242738412181621900255938930635323783099453084422
38369241285783996600175237923531970719946050444295387071030769046878552811105
77134354702987889313353638180721644896113719066216366675071246928931390061200
66974661966060392734147905514059979512071714914194607471731664938890954410611
13732567393325133248814883850620759777074747633126153294644683430546335679292
2293353469466820226332248330242738412181621900255938930635323783099453084422
66974661966060392734147905514059979512071714914194607471731664938890954410611
33075712595258552367611163685862853337784251557059425255875893764615346753785
68146643252577249946370876590174807800197448262498676335383226862753518412953
1042113835784507265890697097816483989967662762268129255295058773897085138547
59710990378731859338097782269411139083103624134860559941597936253832186581234
10828602475629248965703252419961461903752157093782586736209026672474603435642
55455973105334978013634358983689968141597901574541049468327815916454402871254
38369241285783996600175237923531970719946050444295387071030769046878552811105
13798902220861150561495653109559484803030669085118857126437183154137451887768
1042113835784507265890697097816483989967662762268129255295058773897085138547
67110128749827552482813614447020989868981558380084090910111113784347190487134
66974661966060392734147905514059979512071714914194607471731664938890954410611
3525173615944028812468801989947808197030530999486777344948264372269970051615
2293353469466820226332248330242738412181621900255938930635323783099453084422
11209808090682397124802382764576823472180529510506518947565929542270722325694
2293353469466820226332248330242738412181621900255938930635323783099453084422
62126643733629243154420828406855939699805740306695765773128757367225144821057
55455973105334978013634358983689968141597901574541049468327815916454402871254
1042113835784507265890697097816483989967662762268129255295058773897085138547
55455973105334978013634358983689968141597901574541049468327815916454402871254
11209808090682397124802382764576823472180529510506518947565929542270722325694
62507769083930575742951221647967272439861491061528057281766601964546011238731
66974661966060392734147905514059979512071714914194607471731664938890954410611
63879138928772626700781942556789959294234595750422449269847488833185413643230
67110128749827552482813614447020989868981558380084090910111113784347190487134
55455973105334978013634358983689968141597901574541049468327815916454402871254
66974661966060392734147905514059979512071714914194607471731664938890954410611
44314049329905752727930090115687497873715380775989726387401669022099599792263
68146643252577249946370876590174807800197448262498676335383226862753518412953
3525173615944028812468801989947808197030530999486777344948264372269970051615
67110128749827552482813614447020989868981558380084090910111113784347190487134
55455973105334978013634358983689968141597901574541049468327815916454402871254
11209808090682397124802382764576823472180529510506518947565929542270722325694
1042113835784507265890697097816483989967662762268129255295058773897085138547
55455973105334978013634358983689968141597901574541049468327815916454402871254
53192117099060219256303677307213299018425320839563014150650318224166882308035
1042113835784507265890697097816483989967662762268129255295058773897085138547
66974661966060392734147905514059979512071714914194607471731664938890954410611
49632931530263192755140509925030341006420415204259697292629518571075952593719
67110128749827552482813614447020989868981558380084090910111113784347190487134
7574588519035111555926784011408774778580392212403540863721388603753692369249
24935007347734567887609951167447697877809739881705350181603465385122938502010
10828602475629248965703252419961461903752157093782586736209026672474603435642
77134354702987889313353638180721644896113719066216366675071246928931390061200
66974661966060392734147905514059979512071714914194607471731664938890954410611
33075712595258552367611163685862853337784251557059425255875893764615346753785
55455973105334978013634358983689968141597901574541049468327815916454402871254
66974661966060392734147905514059979512071714914194607471731664938890954410611
2293353469466820226332248330242738412181621900255938930635323783099453084422
38369241285783996600175237923531970719946050444295387071030769046878552811105
66974661966060392734147905514059979512071714914194607471731664938890954410611
67273548957646345335120051548823231686088256755632475124374661262019858542170
2864242579007028922305575764548079156215007822426771349938327354006170071907
77117738377935464536442390092614329975683711855163182775351740680557095542787
20367761264289423465625390446020302519152535495545513377751269092637141327050
20367761264289423465625390446020302519152535495545513377751269092637141327050
66974661966060392734147905514059979512071714914194607471731664938890954410611
70960244114511969464977309686837845637749577415568592813876865142793661256215
68146643252577249946370876590174807800197448262498676335383226862753518412953
10828602475629248965703252419961461903752157093782586736209026672474603435642
55455973105334978013634358983689968141597901574541049468327815916454402871254
66974661966060392734147905514059979512071714914194607471731664938890954410611
1042113835784507265890697097816483989967662762268129255295058773897085138547
67110128749827552482813614447020989868981558380084090910111113784347190487134
2293353469466820226332248330242738412181621900255938930635323783099453084422
1042113835784507265890697097816483989967662762268129255295058773897085138547
66974661966060392734147905514059979512071714914194607471731664938890954410611
13732567393325133248814883850620759777074747633126153294644683430546335679292
68146643252577249946370876590174807800197448262498676335383226862753518412953
49632931530263192755140509925030341006420415204259697292629518571075952593719
66974661966060392734147905514059979512071714914194607471731664938890954410611
2293353469466820226332248330242738412181621900255938930635323783099453084422
66974661966060392734147905514059979512071714914194607471731664938890954410611
49632931530263192755140509925030341006420415204259697292629518571075952593719
55455973105334978013634358983689968141597901574541049468327815916454402871254
1899116278817349405645535807216240793665683347709655733634359949609250044972
24935007347734567887609951167447697877809739881705350181603465385122938502010
55455973105334978013634358983689968141597901574541049468327815916454402871254
38369241285783996600175237923531970719946050444295387071030769046878552811105
44314049329905752727930090115687497873715380775989726387401669022099599792263
55455973105334978013634358983689968141597901574541049468327815916454402871254
66974661966060392734147905514059979512071714914194607471731664938890954410611
7574588519035111555926784011408774778580392212403540863721388603753692369249
70960244114511969464977309686837845637749577415568592813876865142793661256215
66974661966060392734147905514059979512071714914194607471731664938890954410611
38369241285783996600175237923531970719946050444295387071030769046878552811105
24935007347734567887609951167447697877809739881705350181603465385122938502010
62126643733629243154420828406855939699805740306695765773128757367225144821057
33075712595258552367611163685862853337784251557059425255875893764615346753785
55455973105334978013634358983689968141597901574541049468327815916454402871254
11209808090682397124802382764576823472180529510506518947565929542270722325694
49632931530263192755140509925030341006420415204259697292629518571075952593719
66974661966060392734147905514059979512071714914194607471731664938890954410611
49632931530263192755140509925030341006420415204259697292629518571075952593719
55455973105334978013634358983689968141597901574541049468327815916454402871254
3525173615944028812468801989947808197030530999486777344948264372269970051615
2293353469466820226332248330242738412181621900255938930635323783099453084422
11209808090682397124802382764576823472180529510506518947565929542270722325694
2293353469466820226332248330242738412181621900255938930635323783099453084422
1042113835784507265890697097816483989967662762268129255295058773897085138547
55455973105334978013634358983689968141597901574541049468327815916454402871254
77134354702987889313353638180721644896113719066216366675071246928931390061200
66974661966060392734147905514059979512071714914194607471731664938890954410611
33075712595258552367611163685862853337784251557059425255875893764615346753785
34693335336861771759966283138641317217094966566624189024200846308928669453959
66974661966060392734147905514059979512071714914194607471731664938890954410611
38369241285783996600175237923531970719946050444295387071030769046878552811105
55455973105334978013634358983689968141597901574541049468327815916454402871254
73484730807208186098158162051293957846909993953948109776101634317112495035804
10828602475629248965703252419961461903752157093782586736209026672474603435642
68146643252577249946370876590174807800197448262498676335383226862753518412953
38369241285783996600175237923531970719946050444295387071030769046878552811105
55455973105334978013634358983689968141597901574541049468327815916454402871254
49632931530263192755140509925030341006420415204259697292629518571075952593719
62507769083930575742951221647967272439861491061528057281766601964546011238731
66974661966060392734147905514059979512071714914194607471731664938890954410611
13732567393325133248814883850620759777074747633126153294644683430546335679292
72666096369904197318895682612948667033887771096629256492449095479568436745895
7574588519035111555926784011408774778580392212403540863721388603753692369249
11209808090682397124802382764576823472180529510506518947565929542270722325694
66974661966060392734147905514059979512071714914194607471731664938890954410611
1042113835784507265890697097816483989967662762268129255295058773897085138547
67110128749827552482813614447020989868981558380084090910111113784347190487134
55455973105334978013634358983689968141597901574541049468327815916454402871254
66974661966060392734147905514059979512071714914194607471731664938890954410611
49632931530263192755140509925030341006420415204259697292629518571075952593719
24935007347734567887609951167447697877809739881705350181603465385122938502010
33075712595258552367611163685862853337784251557059425255875893764615346753785
62126643733629243154420828406855939699805740306695765773128757367225144821057
68146643252577249946370876590174807800197448262498676335383226862753518412953
49632931530263192755140509925030341006420415204259697292629518571075952593719
49632931530263192755140509925030341006420415204259697292629518571075952593719
68146643252577249946370876590174807800197448262498676335383226862753518412953
7574588519035111555926784011408774778580392212403540863721388603753692369249
38369241285783996600175237923531970719946050444295387071030769046878552811105
21786345723044798961973551423514714531686777485208151166027540887984581096443
66974661966060392734147905514059979512071714914194607471731664938890954410611
49632931530263192755140509925030341006420415204259697292629518571075952593719
55455973105334978013634358983689968141597901574541049468327815916454402871254
38369241285783996600175237923531970719946050444295387071030769046878552811105
77134354702987889313353638180721644896113719066216366675071246928931390061200
66974661966060392734147905514059979512071714914194607471731664938890954410611
1042113835784507265890697097816483989967662762268129255295058773897085138547
67110128749827552482813614447020989868981558380084090910111113784347190487134
68146643252577249946370876590174807800197448262498676335383226862753518412953
49632931530263192755140509925030341006420415204259697292629518571075952593719
66974661966060392734147905514059979512071714914194607471731664938890954410611
1042113835784507265890697097816483989967662762268129255295058773897085138547
55455973105334978013634358983689968141597901574541049468327815916454402871254
53192117099060219256303677307213299018425320839563014150650318224166882308035
1042113835784507265890697097816483989967662762268129255295058773897085138547
66974661966060392734147905514059979512071714914194607471731664938890954410611
70960244114511969464977309686837845637749577415568592813876865142793661256215
68146643252577249946370876590174807800197448262498676335383226862753518412953
10828602475629248965703252419961461903752157093782586736209026672474603435642
55455973105334978013634358983689968141597901574541049468327815916454402871254
66974661966060392734147905514059979512071714914194607471731664938890954410611
33075712595258552367611163685862853337784251557059425255875893764615346753785
2293353469466820226332248330242738412181621900255938930635323783099453084422
44314049329905752727930090115687497873715380775989726387401669022099599792263
39914820547847980179519524844137223476395639903333385479852795250174239252348
66974661966060392734147905514059979512071714914194607471731664938890954410611
33075712595258552367611163685862853337784251557059425255875893764615346753785
34693335336861771759966283138641317217094966566624189024200846308928669453959
66974661966060392734147905514059979512071714914194607471731664938890954410611
55455973105334978013634358983689968141597901574541049468327815916454402871254
62126643733629243154420828406855939699805740306695765773128757367225144821057
2293353469466820226332248330242738412181621900255938930635323783099453084422
68146643252577249946370876590174807800197448262498676335383226862753518412953
10828602475629248965703252419961461903752157093782586736209026672474603435642
66974661966060392734147905514059979512071714914194607471731664938890954410611
2293353469466820226332248330242738412181621900255938930635323783099453084422
49632931530263192755140509925030341006420415204259697292629518571075952593719
66974661966060392734147905514059979512071714914194607471731664938890954410611
2293353469466820226332248330242738412181621900255938930635323783099453084422
38369241285783996600175237923531970719946050444295387071030769046878552811105
7574588519035111555926784011408774778580392212403540863721388603753692369249
1042113835784507265890697097816483989967662762268129255295058773897085138547
67110128749827552482813614447020989868981558380084090910111113784347190487134
55455973105334978013634358983689968141597901574541049468327815916454402871254
11209808090682397124802382764576823472180529510506518947565929542270722325694
66974661966060392734147905514059979512071714914194607471731664938890954410611
1042113835784507265890697097816483989967662762268129255295058773897085138547
55455973105334978013634358983689968141597901574541049468327815916454402871254
53192117099060219256303677307213299018425320839563014150650318224166882308035
1042113835784507265890697097816483989967662762268129255295058773897085138547
66974661966060392734147905514059979512071714914194607471731664938890954410611
13732567393325133248814883850620759777074747633126153294644683430546335679292
70960244114511969464977309686837845637749577415568592813876865142793661256215
68146643252577249946370876590174807800197448262498676335383226862753518412953
10828602475629248965703252419961461903752157093782586736209026672474603435642
55455973105334978013634358983689968141597901574541049468327815916454402871254
66974661966060392734147905514059979512071714914194607471731664938890954410611
55455973105334978013634358983689968141597901574541049468327815916454402871254
38369241285783996600175237923531970719946050444295387071030769046878552811105
44314049329905752727930090115687497873715380775989726387401669022099599792263
11209808090682397124802382764576823472180529510506518947565929542270722325694
34693335336861771759966283138641317217094966566624189024200846308928669453959
3525173615944028812468801989947808197030530999486777344948264372269970051615
1042113835784507265890697097816483989967662762268129255295058773897085138547
55455973105334978013634358983689968141597901574541049468327815916454402871254
77134354702987889313353638180721644896113719066216366675071246928931390061200
66974661966060392734147905514059979512071714914194607471731664938890954410611
24935007347734567887609951167447697877809739881705350181603465385122938502010
49632931530263192755140509925030341006420415204259697292629518571075952593719
68146643252577249946370876590174807800197448262498676335383226862753518412953
38369241285783996600175237923531970719946050444295387071030769046878552811105
13798902220861150561495653109559484803030669085118857126437183154137451887768
66974661966060392734147905514059979512071714914194607471731664938890954410611
34693335336861771759966283138641317217094966566624189024200846308928669453959
7574588519035111555926784011408774778580392212403540863721388603753692369249
24935007347734567887609951167447697877809739881705350181603465385122938502010
11209808090682397124802382764576823472180529510506518947565929542270722325694
66974661966060392734147905514059979512071714914194607471731664938890954410611
7574588519035111555926784011408774778580392212403540863721388603753692369249
73484730807208186098158162051293957846909993953948109776101634317112495035804
38369241285783996600175237923531970719946050444295387071030769046878552811105
66974661966060392734147905514059979512071714914194607471731664938890954410611
49632931530263192755140509925030341006420415204259697292629518571075952593719
55455973105334978013634358983689968141597901574541049468327815916454402871254
3525173615944028812468801989947808197030530999486777344948264372269970051615
2293353469466820226332248330242738412181621900255938930635323783099453084422
11209808090682397124802382764576823472180529510506518947565929542270722325694
2293353469466820226332248330242738412181621900255938930635323783099453084422
1042113835784507265890697097816483989967662762268129255295058773897085138547
55455973105334978013634358983689968141597901574541049468327815916454402871254
66974661966060392734147905514059979512071714914194607471731664938890954410611
44870206181123650350101855350017597489349560062900431994527721053637380345964
2864242579007028922305575764548079156215007822426771349938327354006170071907
67273548957646345335120051548823231686088256755632475124374661262019858542170
66974661966060392734147905514059979512071714914194607471731664938890954410611
39914820547847980179519524844137223476395639903333385479852795250174239252348
55455973105334978013634358983689968141597901574541049468327815916454402871254
34693335336861771759966283138641317217094966566624189024200846308928669453959
49632931530263192755140509925030341006420415204259697292629518571075952593719
62507769083930575742951221647967272439861491061528057281766601964546011238731
66974661966060392734147905514059979512071714914194607471731664938890954410611
20367761264289423465625390446020302519152535495545513377751269092637141327050
38369241285783996600175237923531970719946050444295387071030769046878552811105
66974661966060392734147905514059979512071714914194607471731664938890954410611
1042113835784507265890697097816483989967662762268129255295058773897085138547
67110128749827552482813614447020989868981558380084090910111113784347190487134
55455973105334978013634358983689968141597901574541049468327815916454402871254
66974661966060392734147905514059979512071714914194607471731664938890954410611
55455973105334978013634358983689968141597901574541049468327815916454402871254
62126643733629243154420828406855939699805740306695765773128757367225144821057
2293353469466820226332248330242738412181621900255938930635323783099453084422
68146643252577249946370876590174807800197448262498676335383226862753518412953
10828602475629248965703252419961461903752157093782586736209026672474603435642
21786345723044798961973551423514714531686777485208151166027540887984581096443
66974661966060392734147905514059979512071714914194607471731664938890954410611
49632931530263192755140509925030341006420415204259697292629518571075952593719
3525173615944028812468801989947808197030530999486777344948264372269970051615
55455973105334978013634358983689968141597901574541049468327815916454402871254
44314049329905752727930090115687497873715380775989726387401669022099599792263
68146643252577249946370876590174807800197448262498676335383226862753518412953
70960244114511969464977309686837845637749577415568592813876865142793661256215
34693335336861771759966283138641317217094966566624189024200846308928669453959
66974661966060392734147905514059979512071714914194607471731664938890954410611
13732567393325133248814883850620759777074747633126153294644683430546335679292
1042113835784507265890697097816483989967662762268129255295058773897085138547
67110128749827552482813614447020989868981558380084090910111113784347190487134
55455973105334978013634358983689968141597901574541049468327815916454402871254
66974661966060392734147905514059979512071714914194607471731664938890954410611
44870206181123650350101855350017597489349560062900431994527721053637380345964
2864242579007028922305575764548079156215007822426771349938327354006170071907
67273548957646345335120051548823231686088256755632475124374661262019858542170
66974661966060392734147905514059979512071714914194607471731664938890954410611
62126643733629243154420828406855939699805740306695765773128757367225144821057
7574588519035111555926784011408774778580392212403540863721388603753692369249
77134354702987889313353638180721644896113719066216366675071246928931390061200
24935007347734567887609951167447697877809739881705350181603465385122938502010
10828602475629248965703252419961461903752157093782586736209026672474603435642
24935007347734567887609951167447697877809739881705350181603465385122938502010
49632931530263192755140509925030341006420415204259697292629518571075952593719
66974661966060392734147905514059979512071714914194607471731664938890954410611
2293353469466820226332248330242738412181621900255938930635323783099453084422
38369241285783996600175237923531970719946050444295387071030769046878552811105
77134354702987889313353638180721644896113719066216366675071246928931390061200
66974661966060392734147905514059979512071714914194607471731664938890954410611
1042113835784507265890697097816483989967662762268129255295058773897085138547
67110128749827552482813614447020989868981558380084090910111113784347190487134
55455973105334978013634358983689968141597901574541049468327815916454402871254
66974661966060392734147905514059979512071714914194607471731664938890954410611
49632931530263192755140509925030341006420415204259697292629518571075952593719
55455973105334978013634358983689968141597901574541049468327815916454402871254
44314049329905752727930090115687497873715380775989726387401669022099599792263
11209808090682397124802382764576823472180529510506518947565929542270722325694
55455973105334978013634358983689968141597901574541049468327815916454402871254
1042113835784507265890697097816483989967662762268129255295058773897085138547
66974661966060392734147905514059979512071714914194607471731664938890954410611
55455973105334978013634358983689968141597901574541049468327815916454402871254
53192117099060219256303677307213299018425320839563014150650318224166882308035
3525173615944028812468801989947808197030530999486777344948264372269970051615
7574588519035111555926784011408774778580392212403540863721388603753692369249
38369241285783996600175237923531970719946050444295387071030769046878552811105
55455973105334978013634358983689968141597901574541049468327815916454402871254
38369241285783996600175237923531970719946050444295387071030769046878552811105
1042113835784507265890697097816483989967662762268129255295058773897085138547
66974661966060392734147905514059979512071714914194607471731664938890954410611
11209808090682397124802382764576823472180529510506518947565929542270722325694
55455973105334978013634358983689968141597901574541049468327815916454402871254
1899116278817349405645535807216240793665683347709655733634359949609250044972
24935007347734567887609951167447697877809739881705350181603465385122938502010
68146643252577249946370876590174807800197448262498676335383226862753518412953
11209808090682397124802382764576823472180529510506518947565929542270722325694
55455973105334978013634358983689968141597901574541049468327815916454402871254
77134354702987889313353638180721644896113719066216366675071246928931390061200
66974661966060392734147905514059979512071714914194607471731664938890954410611
1042113835784507265890697097816483989967662762268129255295058773897085138547
7574588519035111555926784011408774778580392212403540863721388603753692369249
66974661966060392734147905514059979512071714914194607471731664938890954410611
77134354702987889313353638180721644896113719066216366675071246928931390061200
55455973105334978013634358983689968141597901574541049468327815916454402871254
44314049329905752727930090115687497873715380775989726387401669022099599792263
11209808090682397124802382764576823472180529510506518947565929542270722325694
34693335336861771759966283138641317217094966566624189024200846308928669453959
3525173615944028812468801989947808197030530999486777344948264372269970051615
1042113835784507265890697097816483989967662762268129255295058773897085138547
66974661966060392734147905514059979512071714914194607471731664938890954410611
1042113835784507265890697097816483989967662762268129255295058773897085138547
67110128749827552482813614447020989868981558380084090910111113784347190487134
55455973105334978013634358983689968141597901574541049468327815916454402871254
66974661966060392734147905514059979512071714914194607471731664938890954410611
70960244114511969464977309686837845637749577415568592813876865142793661256215
68146643252577249946370876590174807800197448262498676335383226862753518412953
10828602475629248965703252419961461903752157093782586736209026672474603435642
55455973105334978013634358983689968141597901574541049468327815916454402871254
66974661966060392734147905514059979512071714914194607471731664938890954410611
49632931530263192755140509925030341006420415204259697292629518571075952593719
7574588519035111555926784011408774778580392212403540863721388603753692369249
66974661966060392734147905514059979512071714914194607471731664938890954410611
13732567393325133248814883850620759777074747633126153294644683430546335679292
20367761264289423465625390446020302519152535495545513377751269092637141327050
66974661966060392734147905514059979512071714914194607471731664938890954410611
44314049329905752727930090115687497873715380775989726387401669022099599792263
2293353469466820226332248330242738412181621900255938930635323783099453084422
38369241285783996600175237923531970719946050444295387071030769046878552811105
66974661966060392734147905514059979512071714914194607471731664938890954410611
77134354702987889313353638180721644896113719066216366675071246928931390061200
55455973105334978013634358983689968141597901574541049468327815916454402871254
44314049329905752727930090115687497873715380775989726387401669022099599792263
11209808090682397124802382764576823472180529510506518947565929542270722325694
34693335336861771759966283138641317217094966566624189024200846308928669453959
3525173615944028812468801989947808197030530999486777344948264372269970051615
1042113835784507265890697097816483989967662762268129255295058773897085138547
66974661966060392734147905514059979512071714914194607471731664938890954410611
68146643252577249946370876590174807800197448262498676335383226862753518412953
1042113835784507265890697097816483989967662762268129255295058773897085138547
66974661966060392734147905514059979512071714914194607471731664938890954410611
3525173615944028812468801989947808197030530999486777344948264372269970051615
11209808090682397124802382764576823472180529510506518947565929542270722325694
7574588519035111555926784011408774778580392212403540863721388603753692369249
3525173615944028812468801989947808197030530999486777344948264372269970051615
55455973105334978013634358983689968141597901574541049468327815916454402871254
11209808090682397124802382764576823472180529510506518947565929542270722325694
10828602475629248965703252419961461903752157093782586736209026672474603435642
34693335336861771759966283138641317217094966566624189024200846308928669453959
62507769083930575742951221647967272439861491061528057281766601964546011238731
66974661966060392734147905514059979512071714914194607471731664938890954410611
13732567393325133248814883850620759777074747633126153294644683430546335679292
67273548957646345335120051548823231686088256755632475124374661262019858542170
49632931530263192755140509925030341006420415204259697292629518571075952593719
66974661966060392734147905514059979512071714914194607471731664938890954410611
2293353469466820226332248330242738412181621900255938930635323783099453084422
66974661966060392734147905514059979512071714914194607471731664938890954410611
33075712595258552367611163685862853337784251557059425255875893764615346753785
7574588519035111555926784011408774778580392212403540863721388603753692369249
38369241285783996600175237923531970719946050444295387071030769046878552811105
24935007347734567887609951167447697877809739881705350181603465385122938502010
49632931530263192755140509925030341006420415204259697292629518571075952593719
21786345723044798961973551423514714531686777485208151166027540887984581096443
66974661966060392734147905514059979512071714914194607471731664938890954410611
55455973105334978013634358983689968141597901574541049468327815916454402871254
68146643252577249946370876590174807800197448262498676335383226862753518412953
1042113835784507265890697097816483989967662762268129255295058773897085138547
67110128749827552482813614447020989868981558380084090910111113784347190487134
55455973105334978013634358983689968141597901574541049468327815916454402871254
11209808090682397124802382764576823472180529510506518947565929542270722325694
66974661966060392734147905514059979512071714914194607471731664938890954410611
68146643252577249946370876590174807800197448262498676335383226862753518412953
62126643733629243154420828406855939699805740306695765773128757367225144821057
3525173615944028812468801989947808197030530999486777344948264372269970051615
10828602475629248965703252419961461903752157093782586736209026672474603435642
55455973105334978013634358983689968141597901574541049468327815916454402871254
62126643733629243154420828406855939699805740306695765773128757367225144821057
55455973105334978013634358983689968141597901574541049468327815916454402871254
38369241285783996600175237923531970719946050444295387071030769046878552811105
1042113835784507265890697097816483989967662762268129255295058773897085138547
66974661966060392734147905514059979512071714914194607471731664938890954410611
7574588519035111555926784011408774778580392212403540863721388603753692369249
38369241285783996600175237923531970719946050444295387071030769046878552811105
55455973105334978013634358983689968141597901574541049468327815916454402871254
66974661966060392734147905514059979512071714914194607471731664938890954410611
7574588519035111555926784011408774778580392212403540863721388603753692369249
70960244114511969464977309686837845637749577415568592813876865142793661256215
66974661966060392734147905514059979512071714914194607471731664938890954410611
1042113835784507265890697097816483989967662762268129255295058773897085138547
67110128749827552482813614447020989868981558380084090910111113784347190487134
55455973105334978013634358983689968141597901574541049468327815916454402871254
66974661966060392734147905514059979512071714914194607471731664938890954410611
38369241285783996600175237923531970719946050444295387071030769046878552811105
7574588519035111555926784011408774778580392212403540863721388603753692369249
38369241285783996600175237923531970719946050444295387071030769046878552811105
1042113835784507265890697097816483989967662762268129255295058773897085138547
11209808090682397124802382764576823472180529510506518947565929542270722325694
68146643252577249946370876590174807800197448262498676335383226862753518412953
57606257487202832498131678676592910412773471907675100675303528049932139134038
68146643252577249946370876590174807800197448262498676335383226862753518412953
2293353469466820226332248330242738412181621900255938930635323783099453084422
10828602475629248965703252419961461903752157093782586736209026672474603435642
66974661966060392734147905514059979512071714914194607471731664938890954410611
72666096369904197318895682612948667033887771096629256492449095479568436745895
2293353469466820226332248330242738412181621900255938930635323783099453084422
44314049329905752727930090115687497873715380775989726387401669022099599792263
1042113835784507265890697097816483989967662762268129255295058773897085138547
7574588519035111555926784011408774778580392212403540863721388603753692369249
11209808090682397124802382764576823472180529510506518947565929542270722325694
68146643252577249946370876590174807800197448262498676335383226862753518412953
38369241285783996600175237923531970719946050444295387071030769046878552811105
13798902220861150561495653109559484803030669085118857126437183154137451887768
66974661966060392734147905514059979512071714914194607471731664938890954410611
2293353469466820226332248330242738412181621900255938930635323783099453084422
10828602475629248965703252419961461903752157093782586736209026672474603435642
13798902220861150561495653109559484803030669085118857126437183154137451887768
7574588519035111555926784011408774778580392212403540863721388603753692369249
11209808090682397124802382764576823472180529510506518947565929542270722325694
68146643252577249946370876590174807800197448262498676335383226862753518412953
1042113835784507265890697097816483989967662762268129255295058773897085138547
67110128749827552482813614447020989868981558380084090910111113784347190487134
62126643733629243154420828406855939699805740306695765773128757367225144821057
49632931530263192755140509925030341006420415204259697292629518571075952593719
66974661966060392734147905514059979512071714914194607471731664938890954410611
13732567393325133248814883850620759777074747633126153294644683430546335679292
39914820547847980179519524844137223476395639903333385479852795250174239252348
38369241285783996600175237923531970719946050444295387071030769046878552811105
7574588519035111555926784011408774778580392212403540863721388603753692369249
73484730807208186098158162051293957846909993953948109776101634317112495035804
38369241285783996600175237923531970719946050444295387071030769046878552811105
66974661966060392734147905514059979512071714914194607471731664938890954410611
68146643252577249946370876590174807800197448262498676335383226862753518412953
38369241285783996600175237923531970719946050444295387071030769046878552811105
66974661966060392734147905514059979512071714914194607471731664938890954410611
1042113835784507265890697097816483989967662762268129255295058773897085138547
67110128749827552482813614447020989868981558380084090910111113784347190487134
55455973105334978013634358983689968141597901574541049468327815916454402871254
66974661966060392734147905514059979512071714914194607471731664938890954410611
10828602475629248965703252419961461903752157093782586736209026672474603435642
68146643252577249946370876590174807800197448262498676335383226862753518412953
1042113835784507265890697097816483989967662762268129255295058773897085138547
55455973105334978013634358983689968141597901574541049468327815916454402871254
11209808090682397124802382764576823472180529510506518947565929542270722325694
2293353469466820226332248330242738412181621900255938930635323783099453084422
1042113835784507265890697097816483989967662762268129255295058773897085138547
24935007347734567887609951167447697877809739881705350181603465385122938502010
11209808090682397124802382764576823472180529510506518947565929542270722325694
55455973105334978013634358983689968141597901574541049468327815916454402871254
62507769083930575742951221647967272439861491061528057281766601964546011238731
13732567393325133248814883850620759777074747633126153294644683430546335679292
13732567393325133248814883850620759777074747633126153294644683430546335679292
